time,SUP,ECRL,ECRB,ECU,FCR,FCU,PQ,SUP_min,ECRL_min,ECRB_min,ECU_min,FCR_min,FCU_min,PQ_min,SUP_max,ECRL_max,ECRB_max,ECU_max,FCR_max,FCU_max,PQ_max,SUP_exc,ECRL_exc,ECRB_exc,ECU_exc,FCR_exc,FCU_exc,PQ_exc,SUP_act,ECRL_act,ECRB_act,ECU_act,FCR_act,FCU_act,PQ_act,wrist_hand_r3_pos,wrist_hand_r3_vel
0.01,-667854528.0,0.1918458073311948,0.0545385032892227,-0.026923069730401,-0.1130051761865615,-0.4152442514896393,-2407323664384.0,0.01,0.01,0.01,0.01,0.01,0.01,0.01,1.0,1.0,1.0,1.0,1.0,1.0,1.0,0.01,0.1918458,0.054538503,0.01,0.01,0.01,0.01,0.36432716,0.14220506,0.06059993,0.01001531,0.014545402,0.014907366,0.34226692,-0.1869568416013577,-0.0007345145684961
0.02,-667854528.0,0.1844121035604283,0.0547637641429901,-0.0381338223814964,-0.0990186333656311,-0.4008335769176483,-2407323664384.0,0.01,0.01,0.01,0.01,0.01,0.01,0.01,1.0,1.0,1.0,1.0,1.0,1.0,1.0,0.01,0.1844121,0.054763764,0.01,0.01,0.01,0.01,0.36432716,0.16669928,0.059943408,0.010013803,0.0140927145,0.014418167,0.34226692,-0.1891683822319978,-0.4094126905928639
0.03,-667854528.0,0.1951610215402434,0.0418779365718364,-0.0525372251868248,-0.0776453986763954,-0.379127949476242,-2407323664384.0,0.01,0.01,0.01,0.01,0.01,0.01,0.01,1.0,1.0,1.0,1.0,1.0,1.0,1.0,0.01,0.19516101,0.041877937,0.01,0.01,0.01,0.01,0.36432716,0.1868009,0.05816782,0.010012443,0.013684977,0.013977629,0.34226692,-0.1956869667572961,-0.825438453317108
0.04,-667854528.0,0.169325006542603,0.0188385695219039,-0.0788443014025688,-0.0510020032525062,-0.3526900112628937,-2407323664384.0,0.01,0.01,0.01,0.01,0.01,0.01,0.01,1.0,1.0,1.0,1.0,1.0,1.0,1.0,0.01,0.16932501,0.01883857,0.01,0.01,0.01,0.01,0.36432716,0.18837577,0.05412787,0.010011218,0.013318524,0.01358177,0.34226692,-0.2058212719629871,-1.1396418347586494
0.05,-667854528.0,0.1415251499912511,-0.0132237654179334,-0.1123645603656768,0.014212891459465,-0.2854212522506714,-2407323664384.0,0.01,0.01,0.01,0.01,0.01,0.01,0.01,1.0,1.0,1.0,1.0,1.0,1.0,1.0,0.01,0.14152515,0.01,0.01,0.014212891,0.01,0.01,0.36432716,0.18369621,0.049402222,0.010010113,0.013931192,0.0132256765,0.34226692,-0.2183821899062865,-1.3287632923765955
0.06,-667854528.0,0.1105823783145606,-0.0461059287190437,-0.1396002471446991,0.0351405292749404,-0.2436393648386001,-2407323664384.0,0.01,0.01,0.01,0.01,0.01,0.01,0.01,1.0,1.0,1.0,1.0,1.0,1.0,1.0,0.01,0.11058238,0.01,0.01,0.03514053,0.01,0.01,0.36432716,0.17487614,0.045121204,0.010009117,0.02856703,0.012905416,0.34226692,-0.2320732605434025,-1.3673325283812494
0.07,-667854528.0,0.0892634968149365,-0.0765844732522964,-0.1544922292232513,-0.0559371374547481,-0.2326344549655914,-2407323664384.0,0.01,0.01,0.01,0.01,0.01,0.01,0.01,1.0,1.0,1.0,1.0,1.0,1.0,1.0,0.01,0.0892635,0.01,0.01,0.01,0.01,0.01,0.36432716,0.16371763,0.041345716,0.01000822,0.027712084,0.012617313,0.34226692,-0.2447769755460721,-1.1571090605865717
0.08,-667854528.0,0.0795550757397168,-0.0946386158466339,-0.1517702639102935,-0.0051035061478614,-0.1930960314250923,-2407323664384.0,0.01,0.01,0.01,0.01,0.01,0.01,0.01,1.0,1.0,1.0,1.0,1.0,1.0,1.0,0.01,0.07955508,0.01,0.01,0.01,0.01,0.01,0.36432716,0.15267195,0.038002685,0.01000741,0.025885606,0.012357718,0.34226692,-0.2543942806459374,-0.8045896323890483
0.09,-667854528.0,0.0427092294203971,-0.0934527739882469,-0.1433755457401275,0.047328058630228,-0.1468274963911923,-2407323664384.0,0.01,0.01,0.01,0.01,0.01,0.01,0.01,1.0,1.0,1.0,1.0,1.0,1.0,1.0,0.01,0.042709228,0.01,0.01,0.04732806,0.01,0.01,0.36432716,0.14045475,0.035031658,0.010006678,0.040931858,0.012123423,0.34226692,-0.260394911004744,-0.4577352996047796
0.1,-667854528.0,-0.0147536294001724,-0.077861875295639,-0.1265015602111816,-0.036708015948534,-0.0971377717911385,-2407323664384.0,0.01,0.01,0.01,0.01,0.01,0.01,0.01,1.0,1.0,1.0,1.0,1.0,1.0,1.0,0.01,0.01,0.01,0.01,0.01,0.01,0.01,0.36432716,0.12497242,0.032384984,0.010006017,0.040136106,0.011911811,0.34226692,-0.2627352558378125,-0.1002634137663736
0.1100000000000001,-667854528.0,-0.0857539527107857,-0.0542982257902622,-0.1061788722872734,-0.0291574038565158,-0.0335627638258947,-2407323664384.0,0.01,0.01,0.01,0.01,0.01,0.01,0.01,1.0,1.0,1.0,1.0,1.0,1.0,1.0,0.01,0.01,0.01,0.01,0.01,0.01,0.01,0.36432716,0.110281944,0.030049615,0.010005424,0.036931664,0.011722553,0.34226692,-0.2619116730622851,0.2112352474106497
0.1200000000000001,-667854528.0,-0.1316743642091751,-0.0295159872621297,-0.0874142944812774,-0.0265730880200862,0.0453908981556193,-2407323664384.0,0.01,0.01,0.01,0.01,0.01,0.01,0.01,1.0,1.0,1.0,1.0,1.0,1.0,1.0,0.01,0.01,0.01,0.01,0.01,0.045390896,0.01,0.36432716,0.09785682,0.027972778,0.01000489,0.03409413,0.026105998,0.34226692,-0.2585719181259694,0.4151478650418789
0.1299999999999999,-667854528.0,-0.1158328801393508,-0.0100083565339446,-0.0736589059233665,-0.0324854031205177,-0.0181700581943091,-2407323664384.0,0.01,0.01,0.01,0.01,0.01,0.01,0.01,1.0,1.0,1.0,1.0,1.0,1.0,1.0,0.01,0.01,0.01,0.01,0.01,0.01,0.01,0.36432716,0.08720776,0.026116086,0.010004409,0.031566687,0.027407747,0.34226692,-0.2536016541537543,0.5531489003896868
0.1399999999999999,-667854528.0,-0.1011970788240432,0.0174723230302333,-0.0587083548307418,-0.041853092610836,0.0032648242127544,-2407323664384.0,0.01,0.01,0.01,0.01,0.01,0.01,0.01,1.0,1.0,1.0,1.0,1.0,1.0,1.0,0.01,0.01,0.017472323,0.01,0.01,0.01,0.01,0.36432716,0.07804061,0.025074372,0.010003973,0.029315364,0.025628261,0.34226692,-0.2474022361755144,0.6638431389443109
0.1499999999999999,-667854528.0,-0.0939352959394455,0.0479957126080989,-0.0407871529459953,-0.0551479905843734,-0.0183033097791893,-2407323664384.0,0.01,0.01,0.01,0.01,0.01,0.01,0.01,1.0,1.0,1.0,1.0,1.0,1.0,1.0,0.01,0.01,0.047995713,0.01,0.01,0.01,0.01,0.36432716,0.07013244,0.04103834,0.010003582,0.027312757,0.024022963,0.34226692,-0.2402062476365043,0.7554615300830684
0.1599999999999999,-667854528.0,-0.0931289121508598,-0.0041205682791769,-0.024418331682682,-0.0717044100165367,-0.0640434180001959,-2407323664384.0,0.01,0.01,0.01,0.01,0.01,0.01,0.01,1.0,1.0,1.0,1.0,1.0,1.0,1.0,0.01,0.01,0.01,0.01,0.01,0.01,0.01,0.36432716,0.063274965,0.039355163,0.010003229,0.025529062,0.022590209,0.34226692,-0.2324953780954593,0.7697847649758583
0.1699999999999999,-667854528.0,-0.0965934917330741,0.0287449918687343,-0.0302754826843738,-0.0868349075317382,-0.1092827406021416,-2407323664384.0,0.01,0.01,0.01,0.01,0.01,0.01,0.01,1.0,1.0,1.0,1.0,1.0,1.0,1.0,0.01,0.01,0.028744992,0.01,0.01,0.01,0.01,0.36432716,0.05728396,0.037933394,0.01000291,0.023934387,0.021306992,0.34226692,-0.2250448857185392,0.7236565274021766
0.1799999999999999,-667854528.0,-0.1032289937138557,0.0674415826797485,-0.0233525149524211,-0.0976234823465347,-0.1398471249203048,-2407323664384.0,0.01,0.01,0.01,0.01,0.01,0.01,0.01,1.0,1.0,1.0,1.0,1.0,1.0,1.0,0.01,0.01,0.06744158,0.01,0.01,0.01,0.01,0.36432716,0.05204754,0.05803818,0.010002623,0.022511173,0.020159869,0.34226692,-0.2181142341744771,0.6646906823328732
0.1899999999999999,-667854528.0,-0.0860843671742848,0.0207967478781938,-0.0212542973458766,-0.1040485054254531,-0.1531386856796671,-2407323664384.0,0.01,0.01,0.01,0.01,0.01,0.01,0.01,1.0,1.0,1.0,1.0,1.0,1.0,1.0,0.01,0.01,0.020796748,0.01,0.01,0.01,0.01,0.36432716,0.04743557,0.056621328,0.010002364,0.021235099,0.019129883,0.34226692,-0.2120656269239806,0.5552896077261539
0.1999999999999999,-667854528.0,-0.0222943968532538,0.0456460416316986,-0.0237919986248016,-0.1058296263217926,-0.1823499634289547,-2407323664384.0,0.01,0.01,0.01,0.01,0.01,0.01,0.01,1.0,1.0,1.0,1.0,1.0,1.0,1.0,0.01,0.01,0.04564604,0.01,0.01,0.01,0.01,0.36432716,0.04337031,0.054867446,0.010002131,0.020091983,0.018206019,0.34226692,-0.2072791506935508,0.4285993587412248
0.2099999999999999,-667854528.0,0.0412780598282733,0.0647214278578758,-0.0290637612342834,-0.1029891073703765,-0.2399575754319119,-2407323664384.0,0.01,0.01,0.01,0.01,0.01,0.01,0.01,1.0,1.0,1.0,1.0,1.0,1.0,1.0,0.01,0.04127806,0.06472143,0.01,0.01,0.01,0.01,0.36432716,0.04102901,0.06110124,0.010001921,0.019070417,0.017379409,0.34226692,-0.2035442332685654,0.3386845717643617
0.2199999999999999,-667854528.0,0.1082721588078064,0.0518210679292678,-0.0337302200496196,-0.0984698235988617,-0.3165956337085214,-2407323664384.0,0.01,0.01,0.01,0.01,0.01,0.01,0.01,1.0,1.0,1.0,1.0,1.0,1.0,1.0,0.01,0.10827216,0.051821068,0.01,0.01,0.01,0.01,0.36432716,0.073972695,0.06064067,0.010001732,0.018156672,0.01663926,0.34226692,-0.2005583176057134,0.2627967324446544
0.2299999999999999,-667854528.0,0.1251603160977576,0.0586601048707962,-0.0374193415045738,-0.0940447524189949,-0.398673802614212,-2407323664384.0,0.01,0.01,0.01,0.01,0.01,0.01,0.01,1.0,1.0,1.0,1.0,1.0,1.0,1.0,0.01,0.12516032,0.058660105,0.01,0.01,0.01,0.01,0.36432716,0.09577067,0.060353406,0.010001562,0.01733761,0.015975185,0.34226692,-0.1986032087479831,0.1284647452520517
0.24,-667854528.0,0.1908761674298163,0.0580255761742591,-0.0422171279788017,-0.0881488174200058,-0.3921584486961365,-2407323664384.0,0.01,0.01,0.01,0.01,0.01,0.01,0.01,1.0,1.0,1.0,1.0,1.0,1.0,1.0,0.01,0.19087617,0.058025576,0.01,0.01,0.01,0.01,0.36432716,0.14608526,0.060099673,0.010001408,0.016601508,0.015377882,0.34226692,-0.1984333281386788,-0.0874585893036413
0.25,-667854528.0,0.1760735138515157,0.0499312318861484,-0.0497597381472587,-0.0781617686152458,-0.3815902471542358,-2407323664384.0,0.01,0.01,0.01,0.01,0.01,0.01,0.01,1.0,1.0,1.0,1.0,1.0,1.0,1.0,0.01,0.1760735,0.049931232,0.01,0.01,0.01,0.01,0.36432716,0.1652784,0.059058424,0.010001269,0.015940353,0.01484099,0.34226692,-0.2010541587579962,-0.4136514990233354
0.26,-667854528.0,0.1855444501134976,0.0358156971633434,-0.0602114163339138,-0.0657668933272361,-0.3685720860958099,-2407323664384.0,0.01,0.01,0.01,0.01,0.01,0.01,0.01,1.0,1.0,1.0,1.0,1.0,1.0,1.0,0.01,0.18554445,0.035815697,0.01,0.01,0.01,0.01,0.36432716,0.18180591,0.056684162,0.010001144,0.01534603,0.014358048,0.34226692,-0.2071693941807263,-0.7578489010141302
0.27,-667854528.0,0.1588745897220038,0.0158474948257207,-0.0849558189511299,-0.0385094583034515,-0.3418953120708465,-2407323664384.0,0.01,0.01,0.01,0.01,0.01,0.01,0.01,1.0,1.0,1.0,1.0,1.0,1.0,1.0,0.01,0.15887459,0.015847495,0.01,0.01,0.01,0.01,0.36432716,0.18122901,0.05247079,0.010001032,0.014811999,0.013923836,0.34226692,-0.2163311200503534,-1.0220051159568226
0.28,-667854528.0,0.1328161022564852,-0.012424761429429,-0.1121045872569084,0.0146436169743537,-0.2874698638916015,-2407323664384.0,0.01,0.01,0.01,0.01,0.01,0.01,0.01,1.0,1.0,1.0,1.0,1.0,1.0,1.0,0.01,0.1328161,0.01,0.01,0.014643617,0.01,0.01,0.36432716,0.17630255,0.0479086,0.01000093,0.014730411,0.013533331,0.34226692,-0.2275312593238897,-1.180763799564148
0.29,-667854528.0,0.1057134603999504,-0.0415054187178611,-0.1339012086391449,0.0383232533931732,-0.2529404461383819,-2407323664384.0,0.01,0.01,0.01,0.01,0.01,0.01,0.01,1.0,1.0,1.0,1.0,1.0,1.0,1.0,0.01,0.10571346,0.01,0.01,0.038323253,0.01,0.01,0.36432716,0.16772528,0.043804448,0.010000839,0.031103076,0.013182245,0.34226692,-0.2396570680974427,-1.206367667204365
0.3,-667854528.0,0.0892670935683695,-0.0682666003704071,-0.1408626139163971,-0.0601037442684173,-0.2389400081333215,-2407323664384.0,0.01,0.01,0.01,0.01,0.01,0.01,0.01,1.0,1.0,1.0,1.0,1.0,1.0,1.0,0.01,0.08926709,0.01,0.01,0.01,0.01,0.01,0.36432716,0.15747628,0.04018174,0.010000756,0.029977884,0.012866446,0.34226692,-0.250729616320435,-0.99730398066165
0.31,-667854528.0,0.0702225267602956,-0.0835672095417976,-0.1456221938133239,-0.0183331090956926,-0.1741577808420414,-2407323664384.0,0.01,0.01,0.01,0.01,0.01,0.01,0.01,1.0,1.0,1.0,1.0,1.0,1.0,1.0,0.01,0.07022253,0.01,0.01,0.01,0.01,0.01,0.36432716,0.14693122,0.036972735,0.0100006815,0.027906505,0.012582017,0.34226692,-0.2587788703414135,-0.6468452628427357
0.32,-667854528.0,0.0205393101330113,-0.0812493711709976,-0.1368923187255859,0.0259962119162082,-0.1245439388135205,-2407323664384.0,0.01,0.01,0.01,0.01,0.01,0.01,0.01,1.0,1.0,1.0,1.0,1.0,1.0,1.0,0.01,0.02053931,0.01,0.01,0.025996212,0.01,0.01,0.36432716,0.13304769,0.03412615,0.010000614,0.02745003,0.012325915,0.34226692,-0.2633110921806001,-0.315776270438131
0.33,-667854528.0,-0.04370328481924,-0.0660546049475669,-0.1197190880775451,0.0098494216799736,-0.0668162599964902,-2407323664384.0,0.01,0.01,0.01,0.01,0.01,0.01,0.01,1.0,1.0,1.0,1.0,1.0,1.0,1.0,0.01,0.01,0.01,0.01,0.01,0.01,0.01,0.36432716,0.11726032,0.03159849,0.010000554,0.025872111,0.01209543,0.34226692,-0.2649698447393115,-0.0618422131910866
0.3400000000000001,-667854528.0,-0.1252302539901961,-0.0465059950947761,-0.1028023436665535,0.0009339191019535,0.0059802538411621,-2407323664384.0,0.01,0.01,0.01,0.01,0.01,0.01,0.01,1.0,1.0,1.0,1.0,1.0,1.0,1.0,0.01,0.01,0.01,0.01,0.01,0.01,0.01,0.36432716,0.10376216,0.029349789,0.010000499,0.024243195,0.011887911,0.34226692,-0.2645745350341763,0.105013848047732
0.3500000000000001,-667854528.0,-0.1329911053180694,-0.0276779346168041,-0.0887281000614166,-0.0119931790977716,0.0786802039938955,-2407323664384.0,0.01,0.01,0.01,0.01,0.01,0.01,0.01,1.0,1.0,1.0,1.0,1.0,1.0,1.0,0.01,0.01,0.01,0.01,0.01,0.0786802,0.01,0.36432716,0.09231354,0.027351106,0.010000451,0.022790756,0.047708835,0.34226692,-0.2629337870967927,0.2140536836008185
0.3600000000000001,-667854528.0,-0.1242212802171707,-0.0155753269791603,-0.079154722392559,-0.0234757121652364,-0.0740540198508615,-2407323664384.0,0.01,0.01,0.01,0.01,0.01,0.01,0.01,1.0,1.0,1.0,1.0,1.0,1.0,1.0,0.01,0.01,0.01,0.01,0.01,0.01,0.01,0.36432716,0.08248372,0.025565926,0.010000406,0.021489883,0.046620138,0.34226692,-0.2599132706200951,0.3849583142851396
0.3700000000000001,-667854528.0,-0.1165743172168731,0.0004930011928081,-0.0709322839975357,-0.0349083244800567,-0.0276888641788242,-2407323664384.0,0.01,0.01,0.01,0.01,0.01,0.01,0.01,1.0,1.0,1.0,1.0,1.0,1.0,1.0,0.01,0.01,0.01,0.01,0.01,0.01,0.01,0.36432716,0.07396029,0.023964781,0.010000366,0.020320306,0.042652097,0.34226692,-0.2548037805031174,0.5992050849956773
0.3799999999999999,-667854528.0,-0.1079500764608383,0.0315894521772861,-0.0553388893604278,-0.0476304851472377,-0.0406388689644842,-2407323664384.0,0.01,0.01,0.01,0.01,0.01,0.01,0.01,1.0,1.0,1.0,1.0,1.0,1.0,1.0,0.01,0.01,0.031589452,0.01,0.01,0.01,0.01,0.36432716,0.0665709,0.028802693,0.010000329,0.019272123,0.03914455,0.34226692,-0.2475750617100341,0.7992813342122099
0.3899999999999999,-667854528.0,-0.100638210773468,0.0141511894762516,-0.0324100814759731,-0.0701105594635009,-0.0792877965772921,-2407323664384.0,0.01,0.01,0.01,0.01,0.01,0.01,0.01,1.0,1.0,1.0,1.0,1.0,1.0,1.0,0.01,0.01,0.0141511895,0.01,0.01,0.01,0.01,0.36432716,0.06016426,0.028097497,0.010000297,0.018335475,0.036049638,0.34226692,-0.2387391444659058,0.9366763056363128
0.3999999999999999,-667854528.0,-0.0968385487794876,0.0689189285039901,-0.0123455412685871,-0.094961792230606,-0.1190438063252323,-2407323664384.0,0.01,0.01,0.01,0.01,0.01,0.01,0.01,1.0,1.0,1.0,1.0,1.0,1.0,1.0,0.01,0.01,0.06891893,0.01,0.01,0.01,0.01,0.36432716,0.05457989,0.056280985,0.010000268,0.01749727,0.033310644,0.34226692,-0.2289406283806351,0.9960820591707276
0.4099999999999999,-667854528.0,-0.0966072157025337,-0.0044733807444572,0.0150556787848472,-0.1170900017023086,-0.1482118331540414,-2407323664384.0,0.01,0.01,0.01,0.01,0.01,0.01,0.01,1.0,1.0,1.0,1.0,1.0,1.0,1.0,0.01,0.01,0.01,0.015055679,0.01,0.01,0.01,0.36432716,0.04967499,0.053481884,0.01356278,0.01674426,0.030873563,0.34226692,-0.2193679686708802,0.9043709991842754
0.4199999999999999,-667854528.0,-0.0357421784155928,0.0410702377557754,-0.0493081659078598,-0.1303203403949737,-0.171918878342239,-2407323664384.0,0.01,0.01,0.01,0.01,0.01,0.01,0.01,1.0,1.0,1.0,1.0,1.0,1.0,1.0,0.01,0.01,0.041070238,0.01,0.01,0.01,0.01,0.36432716,0.04535966,0.051689997,0.013480916,0.016068207,0.02870445,0.34226692,-0.211403068406621,0.7056361946473076
0.4299999999999999,-667854528.0,0.0259307685257663,0.081382155418396,-0.025067564100027,-0.1306146085262298,-0.223416563147895,-2407323664384.0,0.01,0.01,0.01,0.01,0.01,0.01,0.01,1.0,1.0,1.0,1.0,1.0,1.0,1.0,0.01,0.025930768,0.081382155,0.01,0.01,0.01,0.01,0.36432716,0.041992087,0.071814284,0.013134182,0.015459624,0.026766634,0.34226692,-0.2055394765530201,0.5020510260316272
0.4399999999999999,-667854528.0,0.0885748425115317,0.0422927886247634,-0.0190350115299224,-0.1219343394041061,-0.2921666808915438,-2407323664384.0,0.01,0.01,0.01,0.01,0.01,0.01,0.01,1.0,1.0,1.0,1.0,1.0,1.0,1.0,0.01,0.08857484,0.04229279,0.01,0.01,0.01,0.01,0.36432716,0.061976295,0.07109378,0.012822817,0.014913914,0.025041278,0.34226692,-0.2016943743964594,0.2921724538929114
0.4499999999999999,-667854528.0,0.1145424202702273,0.0564930289983749,-0.0256639160215854,-0.1102017313241958,-0.3723392007094008,-2407323664384.0,0.01,0.01,0.01,0.01,0.01,0.01,0.01,1.0,1.0,1.0,1.0,1.0,1.0,1.0,0.01,0.11454242,0.05649303,0.01,0.01,0.01,0.01,0.36432716,0.08541641,0.069219075,0.012543023,0.014424173,0.023502618,0.34226692,-0.2000417437090683,0.0606215642086281
0.4599999999999999,-667854528.0,0.1746254358124203,0.0600728392601013,-0.0360965803265571,-0.0957597196102142,-0.3930676877498626,-2407323664384.0,0.01,0.01,0.01,0.01,0.01,0.01,0.01,1.0,1.0,1.0,1.0,1.0,1.0,1.0,0.01,0.17462544,0.06007284,0.01,0.01,0.01,0.01,0.36432716,0.1294699,0.068081096,0.012290615,0.013982869,0.022123666,0.34226692,-0.2008017498805647,-0.1803288463070141
0.47,-667854528.0,0.1749320063085414,0.0509966388344764,-0.0476949959993362,-0.0788358598947525,-0.3770757019519806,-2407323664384.0,0.01,0.01,0.01,0.01,0.01,0.01,0.01,1.0,1.0,1.0,1.0,1.0,1.0,1.0,0.01,0.174932,0.05099664,0.01,0.01,0.01,0.01,0.36432716,0.1552214,0.066308394,0.012063383,0.013585993,0.020889746,0.34226692,-0.2041637165007599,-0.4566148111119615
0.48,-667854528.0,0.1826375456341229,0.0362408086657524,-0.0594285503029823,-0.0637743696570396,-0.3631681799888611,-2407323664384.0,0.01,0.01,0.01,0.01,0.01,0.01,0.01,1.0,1.0,1.0,1.0,1.0,1.0,1.0,0.01,0.18263754,0.03624081,0.01,0.01,0.01,0.01,0.36432716,0.17484576,0.06323925,0.011858534,0.013228542,0.019783331,0.34226692,-0.2103627403389975,-0.7273490650160568
0.49,-667854528.0,0.1613583632208435,0.0158896036446094,-0.0806607156991958,-0.0358736217021942,-0.3339858055114746,-2407323664384.0,0.01,0.01,0.01,0.01,0.01,0.01,0.01,1.0,1.0,1.0,1.0,1.0,1.0,1.0,0.01,0.16135836,0.015889604,0.01,0.01,0.01,0.01,0.36432716,0.1782324,0.058322623,0.011674296,0.012907332,0.018793147,0.34226692,-0.2189423722346761,-0.94271455461523
0.5,-667854528.0,0.1378357709667153,-0.0091037862002849,-0.1043884605169296,0.0089468285441398,-0.2844744026660919,-2407323664384.0,0.01,0.01,0.01,0.01,0.01,0.01,0.01,1.0,1.0,1.0,1.0,1.0,1.0,1.0,0.01,0.13783577,0.01,0.01,0.01,0.01,0.01,0.36432716,0.17468973,0.05306651,0.011508403,0.012618324,0.017905463,0.34226692,-0.2292993971820206,-1.0935556333204572
0.51,-667854528.0,0.1112950785067889,-0.0346020646393299,-0.1137825846672058,0.0365368165075778,-0.2528536021709442,-2407323664384.0,0.01,0.01,0.01,0.01,0.01,0.01,0.01,1.0,1.0,1.0,1.0,1.0,1.0,1.0,0.01,0.11129508,0.01,0.01,0.036536817,0.01,0.01,0.36432716,0.16734274,0.048349816,0.011359394,0.029253665,0.01711133,0.34226692,-0.2406538373483862,-1.1409959657624933
0.52,-667854528.0,0.0919123053062087,-0.0589353218674659,-0.1364701390266418,-0.0710419937968254,-0.2418368756771087,-2407323664384.0,0.01,0.01,0.01,0.01,0.01,0.01,0.01,1.0,1.0,1.0,1.0,1.0,1.0,1.0,0.01,0.09191231,0.01,0.01,0.01,0.01,0.01,0.36432716,0.15778339,0.044195984,0.011225157,0.02840965,0.016398441,0.34226692,-0.2513142214873426,-0.9756182374578616
0.53,-667854528.0,0.0791369342072814,-0.0746490806341171,-0.1409197449684143,-0.0289550013840198,-0.1895105394051525,-2407323664384.0,0.01,0.01,0.01,0.01,0.01,0.01,0.01,1.0,1.0,1.0,1.0,1.0,1.0,1.0,0.01,0.07913694,0.01,0.01,0.01,0.01,0.01,0.36432716,0.14793462,0.04052589,0.011104145,0.026508888,0.015757803,0.34226692,-0.2594040104036819,-0.6672020483083292
0.54,-667854528.0,0.0368372964370181,-0.0753161758184433,-0.135634183883667,0.0138980783522129,-0.13617824918297,-2407323664384.0,0.01,0.01,0.01,0.01,0.01,0.01,0.01,1.0,1.0,1.0,1.0,1.0,1.0,1.0,0.01,0.036837295,0.01,0.01,0.013898078,0.01,0.01,0.36432716,0.13575657,0.037271213,0.010994909,0.025126584,0.015181126,0.34226692,-0.2642350021958797,-0.3596261760929498
0.55,-667854528.0,-0.0243572078814343,-0.0633060187101364,-0.1207034885883331,0.01692621037364,-0.0793312476179723,-2407323664384.0,0.01,0.01,0.01,0.01,0.01,0.01,0.01,1.0,1.0,1.0,1.0,1.0,1.0,1.0,0.01,0.01,0.01,0.01,0.01692621,0.01,0.01,0.36432716,0.12012801,0.034391906,0.010896668,0.024244707,0.014663843,0.34226692,-0.2664685698688199,-0.1295779969779859
0.56,-667854528.0,-0.1016853663813316,-0.0468720979988575,-0.1056579053401947,-2.5738030672073364e-05,-0.0083610459289068,-2407323664384.0,0.01,0.01,0.01,0.01,0.01,0.01,0.01,1.0,1.0,1.0,1.0,1.0,1.0,1.0,0.01,0.01,0.01,0.01,0.01,0.01,0.01,0.36432716,0.10619089,0.031834763,0.010808149,0.022882715,0.014198837,0.34226692,-0.2668272613220903,0.0263896430472814
0.5700000000000001,-667854528.0,-0.1366774886846542,-0.0305520966649055,-0.0928853005170822,-0.0102198682725429,0.0719083834392831,-2407323664384.0,0.01,0.01,0.01,0.01,0.01,0.01,0.01,1.0,1.0,1.0,1.0,1.0,1.0,1.0,0.01,0.01,0.01,0.01,0.01,0.071908385,0.01,0.36432716,0.09436391,0.029562,0.010728447,0.02157165,0.04227595,0.34226692,-0.2659750314259897,0.1288856556740145
0.5800000000000001,-667854528.0,-0.1290157586336136,-0.0190409068018198,-0.0830241218209266,-0.0200716163963079,-0.0343858789593334,-2407323664384.0,0.01,0.01,0.01,0.01,0.01,0.01,0.01,1.0,1.0,1.0,1.0,1.0,1.0,1.0,0.01,0.01,0.01,0.01,0.01,0.01,0.01,0.36432716,0.084245786,0.02753814,0.010656646,0.020398412,0.04181927,0.34226692,-0.2639207840482092,0.2785255442716745
0.5900000000000001,-667854528.0,-0.1225869506597518,-0.0071911131963133,-0.0762538984417915,-0.030177142471075,0.0032668462301135,-2407323664384.0,0.01,0.01,0.01,0.01,0.01,0.01,0.01,1.0,1.0,1.0,1.0,1.0,1.0,1.0,0.01,0.01,0.01,0.01,0.01,0.01,0.01,0.36432716,0.07549865,0.025727812,0.0105917705,0.019344468,0.03865739,0.34226692,-0.2600241001057992,0.4726409287854071
0.6000000000000001,-667854528.0,-0.1155640929937362,0.0150276497006416,-0.0649909079074859,-0.0418494567275047,-0.0125276331133591,-2407323664384.0,0.01,0.01,0.01,0.01,0.01,0.01,0.01,1.0,1.0,1.0,1.0,1.0,1.0,1.0,0.01,0.01,0.01502765,0.01,0.01,0.01,0.01,0.36432716,0.06787992,0.024497718,0.0105330385,0.018395273,0.03559995,0.34226692,-0.2541088282450541,0.6597295231181955
0.6100000000000001,-667854528.0,-0.1081382408738136,0.046805802732706,-0.0459404736757278,-0.058742057532072,-0.0533089516469659,-2407323664384.0,0.01,0.01,0.01,0.01,0.01,0.01,0.01,1.0,1.0,1.0,1.0,1.0,1.0,1.0,0.01,0.01,0.046805803,0.01,0.01,0.01,0.01,0.36432716,0.06131761,0.03977754,0.010480487,0.017550353,0.03290923,0.34226692,-0.2466292021612366,0.8064956883689278
0.6200000000000001,-667854528.0,-0.1046043336391449,-0.0061486326158046,-0.0262409783899784,-0.0810265019536018,-0.0965072511566424,-2407323664384.0,0.01,0.01,0.01,0.01,0.01,0.01,0.01,1.0,1.0,1.0,1.0,1.0,1.0,1.0,0.01,0.01,0.01,0.01,0.01,0.01,0.01,0.36432716,0.05558168,0.03816369,0.010433101,0.016791768,0.030516017,0.34226692,-0.2381999894193518,0.8568424502348134
0.6299999999999999,-667854528.0,-0.104354977607727,0.0320530608296394,-0.0143518634140491,-0.1014426946640014,-0.1291302803105566,-2407323664384.0,0.01,0.01,0.01,0.01,0.01,0.01,0.01,1.0,1.0,1.0,1.0,1.0,1.0,1.0,0.01,0.01,0.03205306,0.01,0.01,0.01,0.01,0.36432716,0.050546236,0.037102226,0.010390342,0.016109897,0.028382698,0.34226692,-0.2297275088197783,0.8329348531748156
0.6399999999999999,-667854528.0,-0.0501134594735834,0.0762481242418289,0.0014782473444938,-0.1154062300920486,-0.1530156034327272,-2407323664384.0,0.01,0.01,0.01,0.01,0.01,0.01,0.01,1.0,1.0,1.0,1.0,1.0,1.0,1.0,0.01,0.01,0.076248124,0.01,0.01,0.01,0.01,0.36432716,0.046131287,0.06377104,0.010351893,0.015498939,0.026485939,0.34226692,-0.2216741669299929,0.7724665883061255
0.6499999999999999,-667854528.0,0.0182866084306334,0.0155720924958586,-0.0161232650279998,-0.1224994510412216,-0.2070376834238408,-2407323664384.0,0.01,0.01,0.01,0.01,0.01,0.01,0.01,1.0,1.0,1.0,1.0,1.0,1.0,1.0,0.01,0.018286608,0.0155720925,0.01,0.01,0.01,0.01,0.36432716,0.042547844,0.061135337,0.0103171915,0.014949264,0.02479075,0.34226692,-0.2147195522756092,0.6246384999544173
0.6599999999999999,-667854528.0,0.0866956026699609,0.0462197177112102,-0.0186679922044277,-0.1221176534891128,-0.2816734234948483,-2407323664384.0,0.01,0.01,0.01,0.01,0.01,0.01,0.01,1.0,1.0,1.0,1.0,1.0,1.0,1.0,0.01,0.086695604,0.046219718,0.01,0.01,0.01,0.01,0.36432716,0.061054945,0.058945704,0.010285953,0.014455859,0.023278367,0.34226692,-0.2095228936828604,0.4325944379296546
0.6699999999999999,-667854528.0,0.1131779784993465,0.0685158595442771,-0.0262406691908836,-0.1149093210697174,-0.3656238851293987,-2407323664384.0,0.01,0.01,0.01,0.01,0.01,0.01,0.01,1.0,1.0,1.0,1.0,1.0,1.0,1.0,0.01,0.11317798,0.06851586,0.01,0.01,0.01,0.01,0.36432716,0.08435805,0.06508704,0.010257799,0.014012295,0.021926094,0.34226692,-0.2063792698349958,0.2135195720507776
0.6799999999999999,-667854528.0,0.1762518080723851,0.0535569638013839,-0.035925418138504,-0.1030728220939636,-0.3992717862129211,-2407323664384.0,0.01,0.01,0.01,0.01,0.01,0.01,0.01,1.0,1.0,1.0,1.0,1.0,1.0,1.0,0.01,0.17625181,0.053556964,0.01,0.01,0.01,0.01,0.36432716,0.12964927,0.06464059,0.010232403,0.013613108,0.020714955,0.34226692,-0.2056817056919438,-0.0542311763318863
0.69,-667854528.0,0.1804989369158028,0.0499334223568439,-0.0471765771508216,-0.0872371941804885,-0.3849340677261352,-2407323664384.0,0.01,0.01,0.01,0.01,0.01,0.01,0.01,1.0,1.0,1.0,1.0,1.0,1.0,1.0,0.01,0.18049894,0.049933422,0.01,0.01,0.01,0.01,0.36432716,0.15779589,0.06303454,0.010209497,0.013253795,0.019629508,0.34226692,-0.2080784600825875,-0.3911632786335831
0.7,-667854528.0,0.1881550766437044,0.0369803234934806,-0.0598545670509338,-0.0683580935001373,-0.3683018088340759,-2407323664384.0,0.01,0.01,0.01,0.01,0.01,0.01,0.01,1.0,1.0,1.0,1.0,1.0,1.0,1.0,0.01,0.18815507,0.036980323,0.01,0.01,0.01,0.01,0.36432716,0.17891634,0.060361106,0.01018882,0.012930036,0.018655235,0.34226692,-0.2140276040756682,-0.7361773161629671
0.71,-667854528.0,0.1668334530402865,0.0175705067813396,-0.0831781178712844,-0.044230617582798,-0.3440463542938232,-2407323664384.0,0.01,0.01,0.01,0.01,0.01,0.01,0.01,1.0,1.0,1.0,1.0,1.0,1.0,1.0,0.01,0.16683346,0.017570507,0.01,0.01,0.01,0.01,0.36432716,0.18249387,0.055885155,0.010170213,0.012639195,0.017783148,0.34226692,-0.2229900389069222,-1.004291137526521
0.72,-667854528.0,0.1416332532888076,-0.0109853185713291,-0.1108048483729362,0.0070583447813987,-0.2900015115737915,-2407323664384.0,0.01,0.01,0.01,0.01,0.01,0.01,0.01,1.0,1.0,1.0,1.0,1.0,1.0,1.0,0.01,0.14163326,0.01,0.01,0.01,0.01,0.01,0.36432716,0.17876668,0.050936233,0.01015344,0.012377423,0.017000703,0.34226692,-0.2340659756040571,-1.1742630196844268
0.73,-667854528.0,0.1122872392794457,-0.0402921885251998,-0.1330809593200683,0.0442283749580383,-0.2460361421108245,-2407323664384.0,0.01,0.01,0.01,0.01,0.01,0.01,0.01,1.0,1.0,1.0,1.0,1.0,1.0,1.0,0.01,0.11228724,0.01,0.01,0.044228375,0.01,0.01,0.36432716,0.17094968,0.046480026,0.01013835,0.034711193,0.01629976,0.34226692,-0.2462022509681907,-1.2127528469808508
0.74,-667854528.0,0.0905330463016185,-0.0677267387509346,-0.1419979333877563,-0.0837360769510269,-0.2342123985290527,-2407323664384.0,0.01,0.01,0.01,0.01,0.01,0.01,0.01,1.0,1.0,1.0,1.0,1.0,1.0,1.0,0.01,0.09053305,0.01,0.01,0.01,0.01,0.01,0.36432716,0.16069445,0.042548984,0.01012474,0.03347906,0.015669946,0.34226692,-0.2573751475038861,-1.0022002541511053
0.75,-667854528.0,0.0759977736050183,-0.0841825306415557,-0.1514616012573242,-0.0321432389318943,-0.1815786904938414,-2407323664384.0,0.01,0.01,0.01,0.01,0.01,0.01,0.01,1.0,1.0,1.0,1.0,1.0,1.0,1.0,0.01,0.07599778,0.01,0.01,0.01,0.01,0.01,0.36432716,0.15005353,0.039069593,0.010112456,0.031024164,0.015103347,0.34226692,-0.2653825748521298,-0.6298479624942354
0.76,-667854528.0,0.0335179129100836,-0.0821424350142479,-0.1399739682674408,0.0067619234323501,-0.1314052312996,-2407323664384.0,0.01,0.01,0.01,0.01,0.01,0.01,0.01,1.0,1.0,1.0,1.0,1.0,1.0,1.0,0.01,0.033517912,0.01,0.01,0.01,0.01,0.01,0.36432716,0.13707219,0.03598426,0.01010137,0.028836612,0.014593546,0.34226692,-0.2694925986491652,-0.2583313682880901
0.77,-667854528.0,-0.0263117154013114,-0.0654706880450248,-0.1201474070549011,0.0180321000516414,-0.0766902422235671,-2407323664384.0,0.01,0.01,0.01,0.01,0.01,0.01,0.01,1.0,1.0,1.0,1.0,1.0,1.0,1.0,0.01,0.01,0.01,0.01,0.0180321,0.01,0.01,0.36432716,0.1210527,0.03325,0.010091385,0.027620438,0.014135712,0.34226692,-0.2704930492116486,0.005970363843409
0.78,-667854528.0,-0.1025673560000642,-0.0441673398017883,-0.1015670523047447,-0.0008727796375751,-0.0076272317267851,-2407323664384.0,0.01,0.01,0.01,0.01,0.01,0.01,0.01,1.0,1.0,1.0,1.0,1.0,1.0,1.0,0.01,0.01,0.01,0.01,0.01,0.01,0.01,0.36432716,0.106976904,0.030819904,0.010082385,0.025902135,0.013724005,0.34226692,-0.2694998532567913,0.156855851102283
0.79,-667854528.0,-0.1292939335107803,-0.0245041493326425,-0.0870275795459747,-0.0128666907548904,0.0692159593437988,-2407323664384.0,0.01,0.01,0.01,0.01,0.01,0.01,0.01,1.0,1.0,1.0,1.0,1.0,1.0,1.0,0.01,0.01,0.01,0.01,0.01,0.06921596,0.01,0.36432716,0.09503783,0.028658714,0.0100742765,0.02427167,0.040793188,0.34226692,-0.2675007487427852,0.2289166675495473
0.8,-667854528.0,-0.1197258979082107,-0.0131489634513854,-0.0789630711078643,-0.0230329949408769,-0.0424319763915413,-2407323664384.0,0.01,0.01,0.01,0.01,0.01,0.01,0.01,1.0,1.0,1.0,1.0,1.0,1.0,1.0,0.01,0.01,0.01,0.01,0.01,0.01,0.01,0.36432716,0.08482416,0.026732609,0.010066968,0.022814645,0.040505648,0.34226692,-0.2646568828894882,0.3406366449563034
0.81,-667854528.0,-0.114103078842163,0.0026679523289203,-0.0715596079826355,-0.0323883704841136,-0.0054796417485867,-2407323664384.0,0.01,0.01,0.01,0.01,0.01,0.01,0.01,1.0,1.0,1.0,1.0,1.0,1.0,1.0,0.01,0.01,0.01,0.01,0.01,0.01,0.01,0.36432716,0.07600829,0.025010547,0.010060367,0.021508887,0.03725712,0.34226692,-0.2603292878816444,0.5068723372376042
0.8200000000000001,-667854528.0,-0.1098644882440567,0.0271815136075019,-0.0597142875194549,-0.0428360775113105,-0.0201433692451183,-2407323664384.0,0.01,0.01,0.01,0.01,0.01,0.01,0.01,1.0,1.0,1.0,1.0,1.0,1.0,1.0,0.01,0.01,0.027181514,0.01,0.01,0.01,0.01,0.36432716,0.06832157,0.026335064,0.010054384,0.020333217,0.03435914,0.34226692,-0.2541479358877107,0.683484156447944
0.8300000000000001,-667854528.0,-0.1047914922237396,0.0281010903418064,-0.0412809960544109,-0.0598105378448963,-0.060121328494633,-2407323664384.0,0.01,0.01,0.01,0.01,0.01,0.01,0.01,1.0,1.0,1.0,1.0,1.0,1.0,1.0,0.01,0.01,0.02810109,0.01,0.01,0.01,0.01,0.36432716,0.06167355,0.027587933,0.010049012,0.019284343,0.031796966,0.34226692,-0.2464270647470209,0.8262844422972474
0.8400000000000001,-667854528.0,-0.1021124497056007,0.0455393642187118,-0.0233885757625103,-0.0813769400119781,-0.1021965001799031,-2407323664384.0,0.01,0.01,0.01,0.01,0.01,0.01,0.01,1.0,1.0,1.0,1.0,1.0,1.0,1.0,0.01,0.01,0.045539364,0.01,0.01,0.01,0.01,0.36432716,0.055890713,0.03952354,0.010044183,0.018347021,0.029525401,0.34226692,-0.2375754385638826,0.92032815940587
0.8500000000000001,-667854528.0,-0.101415142416954,0.0112784309312701,-0.0112420432269573,-0.1022446453571319,-0.1345891924794265,-2407323664384.0,0.01,0.01,0.01,0.01,0.01,0.01,0.01,1.0,1.0,1.0,1.0,1.0,1.0,1.0,0.01,0.01,0.011278431,0.01,0.01,0.01,0.01,0.36432716,0.050825812,0.037813414,0.010039831,0.017506763,0.027503077,0.34226692,-0.2283068310830685,0.9170667635961868
0.8600000000000001,-667854528.0,-0.0323781404499935,0.0662190616130828,-0.0189930610358715,-0.1186557412147522,-0.1647407550707036,-2407323664384.0,0.01,0.01,0.01,0.01,0.01,0.01,0.01,1.0,1.0,1.0,1.0,1.0,1.0,1.0,0.01,0.01,0.06621906,0.01,0.01,0.01,0.01,0.36432716,0.046376646,0.056959577,0.010035911,0.016753273,0.025700755,0.34226692,-0.219482848449742,0.8440405475102952
0.8700000000000001,-667854528.0,0.0373330491150041,0.026288129389286,-0.0107131786644458,-0.1273906975984573,-0.2263777035739005,-2407323664384.0,0.01,0.01,0.01,0.01,0.01,0.01,0.01,1.0,1.0,1.0,1.0,1.0,1.0,1.0,0.01,0.03733305,0.02628813,0.01,0.01,0.01,0.01,0.36432716,0.043473106,0.055642504,0.010032372,0.016075883,0.024089223,0.34226692,-0.2118640651450778,0.6890358342801357
0.8799999999999999,-667854528.0,0.1021608563693338,0.0608029700815677,-0.0142218358814716,-0.1276146322488784,-0.3050525003002928,-2407323664384.0,0.01,0.01,0.01,0.01,0.01,0.01,0.01,1.0,1.0,1.0,1.0,1.0,1.0,1.0,0.01,0.102160856,0.06080297,0.01,0.01,0.01,0.01,0.36432716,0.07096575,0.058734167,0.010029186,0.015468334,0.022651028,0.34226692,-0.2060378018560311,0.4917099370195762
0.8899999999999999,-667854528.0,0.1206533182420158,0.0663190782070159,-0.0220824107527732,-0.1207378432154655,-0.390513884277232,-2407323664384.0,0.01,0.01,0.01,0.01,0.01,0.01,0.01,1.0,1.0,1.0,1.0,1.0,1.0,1.0,0.01,0.12065332,0.06631908,0.01,0.01,0.01,0.01,0.36432716,0.09239863,0.063785315,0.010026316,0.014922951,0.02136571,0.34226692,-0.2024768220518706,0.2331722493576771
0.8999999999999999,-667854528.0,0.1910385019029526,0.0573815926909446,-0.0328358337283134,-0.1081259846687316,-0.40611732006073,-2407323664384.0,0.01,0.01,0.01,0.01,0.01,0.01,0.01,1.0,1.0,1.0,1.0,1.0,1.0,1.0,0.01,0.1910385,0.057381593,0.01,0.01,0.01,0.01,0.36432716,0.14235063,0.06346425,0.010023726,0.014432227,0.02021371,0.34226692,-0.2018608991404516,-0.0868979496170404
0.91,-667854528.0,0.1847386359842572,0.051926914602518,-0.0460148565471172,-0.0898152738809585,-0.3891391456127167,-2407323664384.0,0.01,0.01,0.01,0.01,0.01,0.01,0.01,1.0,1.0,1.0,1.0,1.0,1.0,1.0,0.01,0.18473864,0.051926915,0.01,0.01,0.01,0.01,0.36432716,0.16688569,0.062247615,0.010021389,0.013990534,0.019180441,0.34226692,-0.2048670161603013,-0.4719985840996312
0.92,-667854528.0,0.1921991116797112,0.0359533354640007,-0.0603275038301944,-0.0685295537114143,-0.3694165050983429,-2407323664384.0,0.01,0.01,0.01,0.01,0.01,0.01,0.01,1.0,1.0,1.0,1.0,1.0,1.0,1.0,0.01,0.19219911,0.035953335,0.01,0.01,0.01,0.01,0.36432716,0.18538645,0.05956327,0.010019282,0.013593205,0.01825391,0.34226692,-0.2117248870343674,-0.8369964840200291
0.93,-667854528.0,0.1670030530571762,0.0127982180565595,-0.0880056619644165,-0.0389554649591445,-0.34047532081604,-2407323664384.0,0.01,0.01,0.01,0.01,0.01,0.01,0.01,1.0,1.0,1.0,1.0,1.0,1.0,1.0,0.01,0.16700305,0.012798218,0.01,0.01,0.01,0.01,0.36432716,0.18639256,0.054684013,0.010017383,0.013235969,0.017423255,0.34226692,-0.2216440638633602,-1.093615479639852
0.94,-667854528.0,0.1394011635295561,-0.017165869474411,-0.1176073476672172,0.0211241170763969,-0.276719868183136,-2407323664384.0,0.01,0.01,0.01,0.01,0.01,0.01,0.01,1.0,1.0,1.0,1.0,1.0,1.0,1.0,0.01,0.13940117,0.01,0.01,0.021124117,0.01,0.01,0.36432716,0.18167455,0.049805593,0.010015671,0.018730063,0.01667782,0.34226692,-0.2334399982190907,-1.2235705722353332
0.95,-667854528.0,0.1096818656488655,-0.0476332195103168,-0.140398770570755,-0.028857821598649,-0.2402755320072174,-2407323664384.0,0.01,0.01,0.01,0.01,0.01,0.01,0.01,1.0,1.0,1.0,1.0,1.0,1.0,1.0,0.01,0.10968187,0.01,0.01,0.01,0.01,0.01,0.36432716,0.17303872,0.04547477,0.010014128,0.018310515,0.016008548,0.34226692,-0.2455653746725928,-1.1820527038872093
0.96,-667854528.0,0.0913389046714722,-0.0727108269929885,-0.1430263519287109,0.0486309081315994,-0.2306902700580904,-2407323664384.0,0.01,0.01,0.01,0.01,0.01,0.01,0.01,1.0,1.0,1.0,1.0,1.0,1.0,1.0,0.01,0.0913389,0.01,0.01,0.048630908,0.01,0.01,0.36432716,0.16240415,0.041660238,0.010012738,0.039409038,0.015408171,0.34226692,-0.2565905570878388,-1.0119104132458767
0.97,-667854528.0,0.0688693922710154,-0.0868162289261818,-0.1510791331529617,-0.0565476976335048,-0.1608504616875177,-2407323664384.0,0.01,0.01,0.01,0.01,0.01,0.01,0.01,1.0,1.0,1.0,1.0,1.0,1.0,1.0,0.01,0.06886939,0.01,0.01,0.01,0.01,0.01,0.36432716,0.15108936,0.038283687,0.010011484,0.037835065,0.014868185,0.34226692,-0.2648802035865011,-0.6624497087349319
0.98,-667854528.0,0.0159791956185023,-0.0851487442851066,-0.1412555426359176,-0.0231182631105184,-0.1060962232631492,-2407323664384.0,0.01,0.01,0.01,0.01,0.01,0.01,0.01,1.0,1.0,1.0,1.0,1.0,1.0,1.0,0.01,0.015979195,0.01,0.01,0.01,0.01,0.01,0.36432716,0.1362804,0.035287045,0.010010352,0.03488919,0.014382105,0.34226692,-0.2691078403982416,-0.245025928840804
0.99,-667854528.0,-0.0484365711764444,-0.0675953030586242,-0.1206159591674804,-0.0021521989256143,-0.0504197866320847,-2407323664384.0,0.01,0.01,0.01,0.01,0.01,0.01,0.01,1.0,1.0,1.0,1.0,1.0,1.0,1.0,0.01,0.01,0.01,0.01,0.01,0.01,0.01,0.36432716,0.11990432,0.032632045,0.0100093335,0.032278523,0.013945786,0.34226692,-0.2695169916342955,0.1031873679720458
1.0,-667854528.0,-0.1268582185572009,-0.042852483689785,-0.0989843904972076,-0.0033222790807485,0.0172926700968295,-2407323664384.0,0.01,0.01,0.01,0.01,0.01,0.01,0.01,1.0,1.0,1.0,1.0,1.0,1.0,1.0,0.01,0.01,0.01,0.01,0.01,0.01729267,0.01,0.36432716,0.10602657,0.030272758,0.010008415,0.02995812,0.015180908,0.34226692,-0.2672114176786483,0.3111160362522188
1.0099999999999998,-667854528.0,-0.1228954270482063,-0.0204307101666927,-0.0812189206480979,-0.0161573030054569,0.0718549197934804,-2407323664384.0,0.01,0.01,0.01,0.01,0.01,0.01,0.01,1.0,1.0,1.0,1.0,1.0,1.0,1.0,0.01,0.01,0.01,0.01,0.01,0.07185492,0.01,0.36432716,0.09423865,0.02817275,0.010007587,0.027892325,0.044824466,0.34226692,-0.2635491850794614,0.4025469377116658
1.02,-667854528.0,-0.1093984246253967,-0.0020988341420888,-0.0710195004940033,-0.0286038294434547,-0.0611612893098207,-2407323664384.0,0.01,0.01,0.01,0.01,0.01,0.01,0.01,1.0,1.0,1.0,1.0,1.0,1.0,1.0,0.01,0.01,0.01,0.01,0.01,0.01,0.01,0.36432716,0.08413425,0.026298597,0.010006841,0.026048392,0.0440877,0.34226692,-0.2589714557401788,0.5103739168759599
1.0299999999999998,-667854528.0,-0.1018647104501724,0.0244496688246727,-0.0584059618413448,-0.0395466387271881,-0.0325431819794575,-2407323664384.0,0.01,0.01,0.01,0.01,0.01,0.01,0.01,1.0,1.0,1.0,1.0,1.0,1.0,1.0,0.01,0.01,0.024449669,0.01,0.01,0.01,0.01,0.36432716,0.07540336,0.025884269,0.010006166,0.024398237,0.040422883,0.34226692,-0.2530198989641367,0.6609339984850005
1.04,-667854528.0,-0.0979693830013275,0.0422744490206241,-0.0423785299062728,-0.0528939627110958,-0.0504062694273153,-2407323664384.0,0.01,0.01,0.01,0.01,0.01,0.01,0.01,1.0,1.0,1.0,1.0,1.0,1.0,1.0,0.01,0.01,0.04227445,0.01,0.01,0.01,0.01,0.36432716,0.0678527,0.036852676,0.010005559,0.022925036,0.037183482,0.34226692,-0.2455264499822679,0.8092997171939424
1.0499999999999998,-667854528.0,-0.0957477092742919,0.0028979135677218,-0.0253349542617797,-0.0729336962103843,-0.0885932673413643,-2407323664384.0,0.01,0.01,0.01,0.01,0.01,0.01,0.01,1.0,1.0,1.0,1.0,1.0,1.0,1.0,0.01,0.01,0.01,0.01,0.01,0.01,0.01,0.36432716,0.06128768,0.035469234,0.010005011,0.021607978,0.03431284,0.34226692,-0.2369382593532741,0.8842167723341621
1.06,-667854528.0,-0.0958775728940963,0.0496913380920887,-0.0143798068165779,-0.0930178761482238,-0.1247995434184744,-2407323664384.0,0.01,0.01,0.01,0.01,0.01,0.01,0.01,1.0,1.0,1.0,1.0,1.0,1.0,1.0,0.01,0.01,0.049691338,0.01,0.01,0.01,0.01,0.36432716,0.055555914,0.04484438,0.010004518,0.02042951,0.03176433,0.34226692,-0.2280243762924986,0.8860422734394552
1.0699999999999998,-667854528.0,-0.0746319382746466,0.0343744345009326,-0.0202760845422744,-0.1093522384762764,-0.1483065276300995,-2407323664384.0,0.01,0.01,0.01,0.01,0.01,0.01,0.01,1.0,1.0,1.0,1.0,1.0,1.0,1.0,0.01,0.01,0.034374435,0.01,0.01,0.01,0.01,0.36432716,0.050531495,0.044606477,0.010004072,0.019373886,0.029497325,0.34226692,-0.2195216154978066,0.8139646384956885
1.08,-667854528.0,-0.0036939581354248,0.0747847035527229,-0.0127775445580482,-0.1191540658473968,-0.1871285831180603,-2407323664384.0,0.01,0.01,0.01,0.01,0.01,0.01,0.01,1.0,1.0,1.0,1.0,1.0,1.0,1.0,0.01,0.01,0.0747847,0.01,0.01,0.01,0.01,0.36432716,0.0461148,0.064919025,0.010003672,0.018427934,0.027478473,0.34226692,-0.2119518690516953,0.7056413025628717
1.09,-667854528.0,0.0663238767115609,0.0351623557507991,-0.0145210139453411,-0.1221670359373092,-0.2538110747338959,-2407323664384.0,0.01,0.01,0.01,0.01,0.01,0.01,0.01,1.0,1.0,1.0,1.0,1.0,1.0,1.0,0.01,0.06632388,0.035162356,0.01,0.01,0.01,0.01,0.36432716,0.052676048,0.064050965,0.01000331,0.017578661,0.02567591,0.34226692,-0.2058066478428032,0.5373294859336799
1.1,-667854528.0,0.1024922852348939,0.0604020357131958,-0.0205430462956428,-0.1188229918479919,-0.3343323351611749,-2407323664384.0,0.01,0.01,0.01,0.01,0.01,0.01,0.01,1.0,1.0,1.0,1.0,1.0,1.0,1.0,0.01,0.10249229,0.060402036,0.01,0.01,0.01,0.01,0.36432716,0.07491148,0.06317436,0.010002984,0.016817726,0.024068963,0.34226692,-0.2016228973656297,0.3182412105361406
1.11,-667854528.0,0.1605743683626061,0.0716922730207443,-0.0296107679605484,-0.1096556335687637,-0.4075353443622589,-2407323664384.0,0.01,0.01,0.01,0.01,0.01,0.01,0.01,1.0,1.0,1.0,1.0,1.0,1.0,1.0,0.01,0.16057436,0.07169227,0.01,0.01,0.01,0.01,0.36432716,0.11726439,0.068297684,0.010002689,0.01613344,0.022630205,0.34226692,-0.199825305742206,0.069419947894471
1.12,-667854528.0,0.1829796170242074,0.055245354771614,-0.0407071113586425,-0.0955580472946167,-0.3943692445755005,-2407323664384.0,0.01,0.01,0.01,0.01,0.01,0.01,0.01,1.0,1.0,1.0,1.0,1.0,1.0,1.0,0.01,0.18297961,0.055245355,0.01,0.01,0.01,0.01,0.36432716,0.15095465,0.067451745,0.010002425,0.01551958,0.021344725,0.34226692,-0.200870353391251,-0.2505857793641637
1.13,-667854528.0,0.1946035985158034,0.0464046820998191,-0.0530613847076892,-0.077099971473217,-0.3768642246723175,-2407323664384.0,0.01,0.01,0.01,0.01,0.01,0.01,0.01,1.0,1.0,1.0,1.0,1.0,1.0,1.0,0.01,0.19460359,0.046404682,0.01,0.01,0.01,0.01,0.36432716,0.17815243,0.06518034,0.010002186,0.014967218,0.020192107,0.34226692,-0.2054505532174129,-0.6095050196871945
1.14,-667854528.0,0.1797862564538729,0.0298324562609195,-0.0712664127349853,-0.0581785775721073,-0.3590463697910309,-2407323664384.0,0.01,0.01,0.01,0.01,0.01,0.01,0.01,1.0,1.0,1.0,1.0,1.0,1.0,1.0,0.01,0.17978625,0.029832456,0.01,0.01,0.01,0.01,0.36432716,0.18660982,0.06144853,0.01000197,0.014471496,0.019161044,0.34226692,-0.2133633809015137,-0.9172147053734032
1.15,-667854528.0,0.1583403102966684,0.0031026052311062,-0.0994600132107734,-0.0166351161897182,-0.3170812129974365,-2407323664384.0,0.01,0.01,0.01,0.01,0.01,0.01,0.01,1.0,1.0,1.0,1.0,1.0,1.0,1.0,0.01,0.1583403,0.01,0.01,0.01,0.01,0.01,0.36432716,0.18463376,0.056007713,0.010001777,0.014025827,0.018236749,0.34226692,-0.2237603988884628,-1.1183378446205474
1.16,-667854528.0,0.1288938238523759,-0.0250996965914964,-0.1249422580003738,0.035486526787281,-0.2587259411811828,-2407323664384.0,0.01,0.01,0.01,0.01,0.01,0.01,0.01,1.0,1.0,1.0,1.0,1.0,1.0,1.0,0.01,0.12889382,0.01,0.01,0.035486527,0.01,0.01,0.36432716,0.178549,0.05092898,0.010001602,0.028929278,0.017407889,0.34226692,-0.2355541921204437,-1.1997494175238712
1.17,-667854528.0,0.1025975692359112,-0.0529112592339515,-0.1325294971466064,-0.0607748329639434,-0.2389272004365921,-2407323664384.0,0.01,0.01,0.01,0.01,0.01,0.01,0.01,1.0,1.0,1.0,1.0,1.0,1.0,1.0,0.01,0.10259757,0.01,0.01,0.01,0.01,0.01,0.36432716,0.16906449,0.04646726,0.010001444,0.027995648,0.016664483,0.34226692,-0.2469368629657083,-1.058880874973267
1.1800000000000002,-667854528.0,0.0887716056460232,-0.0724882185459137,-0.1415229588747024,-0.0176819059997797,-0.197034789415651,-2407323664384.0,0.01,0.01,0.01,0.01,0.01,0.01,0.01,1.0,1.0,1.0,1.0,1.0,1.0,1.0,0.01,0.088771604,0.01,0.01,0.01,0.01,0.01,0.36432716,0.1586213,0.042530738,0.010001302,0.026138972,0.015996544,0.34226692,-0.2559722301719765,-0.7726296288778022
1.19,-667854528.0,0.049197830083182,-0.0769561380147934,-0.1400193721055984,0.0344803445041179,-0.1388365012604658,-2407323664384.0,0.01,0.01,0.01,0.01,0.01,0.01,0.01,1.0,1.0,1.0,1.0,1.0,1.0,1.0,0.01,0.04919783,0.01,0.01,0.034480345,0.01,0.01,0.36432716,0.14646582,0.039043035,0.010001173,0.031584993,0.015395219,0.34226692,-0.2619863468416847,-0.4841555438074197
1.2000000000000002,-667854528.0,-0.0120206584337664,-0.0683806240558624,-0.126886174082756,-0.0171322897076606,-0.0796896423527006,-2407323664384.0,0.01,0.01,0.01,0.01,0.01,0.01,0.01,1.0,1.0,1.0,1.0,1.0,1.0,1.0,0.01,0.01,0.01,0.01,0.01,0.01,0.01,0.36432716,0.13046028,0.035941504,0.010001057,0.03067065,0.014852851,0.34226692,-0.2650788086186513,-0.206677202974148
1.21,-667854528.0,-0.0848355370412754,-0.0520423874258995,-0.1104176193475723,-0.0084263272583484,-0.0125137193802609,-2407323664384.0,0.01,0.01,0.01,0.01,0.01,0.01,0.01,1.0,1.0,1.0,1.0,1.0,1.0,1.0,0.01,0.01,0.01,0.01,0.01,0.01,0.01,0.36432716,0.11489968,0.03321053,0.0100009525,0.028522804,0.014368605,0.34226692,-0.2657799717259237,0.0243799305537202
1.2200000000000002,-667854528.0,-0.1336260735988617,-0.0342377014458179,-0.0959500670433044,-0.0083000659942626,0.0641723809761847,-2407323664384.0,0.01,0.01,0.01,0.01,0.01,0.01,0.01,1.0,1.0,1.0,1.0,1.0,1.0,1.0,0.01,0.01,0.01,0.01,0.01,0.06417238,0.01,0.36432716,0.101773754,0.03078615,0.010000859,0.026610529,0.037263725,0.34226692,-0.2646050951523346,0.1818332094260256
1.23,-667854528.0,-0.1238046512007713,-0.018891155719757,-0.0831090286374092,-0.0171211678534746,-0.0200039473900175,-2407323664384.0,0.01,0.01,0.01,0.01,0.01,0.01,0.01,1.0,1.0,1.0,1.0,1.0,1.0,1.0,0.01,0.01,0.01,0.01,0.01,0.01,0.01,0.36432716,0.0905768,0.028626103,0.010000775,0.02490241,0.037669644,0.34226692,-0.2619400961630458,0.3359158968590808
1.2400000000000002,-667854528.0,-0.114333301782608,-0.0045188469812273,-0.0745424106717109,-0.0282259285449981,0.0099784165878015,-2407323664384.0,0.01,0.01,0.01,0.01,0.01,0.01,0.01,1.0,1.0,1.0,1.0,1.0,1.0,1.0,0.01,0.01,0.01,0.01,0.01,0.01,0.01,0.36432716,0.08089026,0.026688242,0.010000697,0.023366665,0.03516959,0.34226692,-0.2575584332029484,0.4981160799871713
1.25,-667854528.0,-0.1056192070245742,0.0217659398913383,-0.061648815870285,-0.0404862016439437,-0.0082777029040337,-2407323664384.0,0.01,0.01,0.01,0.01,0.01,0.01,0.01,1.0,1.0,1.0,1.0,1.0,1.0,1.0,0.01,0.01,0.02176594,0.01,0.01,0.01,0.01,0.36432716,0.07254542,0.02588564,0.010000628,0.021994626,0.032664575,0.34226692,-0.2516459621852475,0.6449845342626116
1.2599999999999998,-667854528.0,-0.1008855700492858,0.0451481901109218,-0.0439374037086963,-0.0548155605792999,-0.0502951290347568,-2407323664384.0,0.01,0.01,0.01,0.01,0.01,0.01,0.01,1.0,1.0,1.0,1.0,1.0,1.0,1.0,0.01,0.01,0.04514819,0.01,0.01,0.01,0.01,0.36432716,0.065375455,0.038866017,0.010000567,0.020775596,0.030298302,0.34226692,-0.2444843710563254,0.7624058039014359
1.27,-667854528.0,-0.1001469492912292,-0.000887855887413,-0.0334914736449718,-0.074556291103363,-0.093879740894759,-2407323664384.0,0.01,0.01,0.01,0.01,0.01,0.01,0.01,1.0,1.0,1.0,1.0,1.0,1.0,1.0,0.01,0.01,0.01,0.01,0.01,0.01,0.01,0.36432716,0.059128467,0.03723783,0.010000511,0.019683879,0.028191533,0.34226692,-0.2365663287066385,0.8021622669930717
1.2799999999999998,-667854528.0,-0.1018133386969566,0.0379040949046611,-0.0190644077956676,-0.0927605703473091,-0.1269649498298626,-2407323664384.0,0.01,0.01,0.01,0.01,0.01,0.01,0.01,1.0,1.0,1.0,1.0,1.0,1.0,1.0,0.01,0.01,0.037904095,0.01,0.01,0.01,0.01,0.36432716,0.05365449,0.03754703,0.010000461,0.018704012,0.026310349,0.34226692,-0.2286453856857599,0.7801290522697808
1.29,-667854528.0,-0.0353463792461756,0.0655289441347122,-0.0246885307133197,-0.1060339361429214,-0.1557491464096934,-2407323664384.0,0.01,0.01,0.01,0.01,0.01,0.01,0.01,1.0,1.0,1.0,1.0,1.0,1.0,1.0,0.01,0.01,0.065528944,0.01,0.01,0.01,0.01,0.36432716,0.048862945,0.056507803,0.010000415,0.017827244,0.02463511,0.34226692,-0.2210800526835165,0.7306375861947361
1.3000000000000005,-667854528.0,0.0358090302615614,0.0217758640646934,-0.0190821923315525,-0.1138754040002822,-0.2163597001729104,-2407323664384.0,0.01,0.01,0.01,0.01,0.01,0.01,0.01,1.0,1.0,1.0,1.0,1.0,1.0,1.0,0.01,0.03580903,0.021775864,0.01,0.01,0.01,0.01,0.36432716,0.045568682,0.054973554,0.010000374,0.017039467,0.023136104,0.34226692,-0.214379845775889,0.6160252485878618
1.31,-667854528.0,0.1038859949253742,0.0509468168020248,-0.0208288207650184,-0.1157599836587905,-0.2957035539456298,-2407323664384.0,0.01,0.01,0.01,0.01,0.01,0.01,0.01,1.0,1.0,1.0,1.0,1.0,1.0,1.0,0.01,0.10388599,0.050946817,0.01,0.01,0.01,0.01,0.36432716,0.07247547,0.053975224,0.010000337,0.016333565,0.021797992,0.34226692,-0.2090440038070932,0.4636722320129414
1.3199999999999998,-667854528.0,0.1248960830186213,0.0690643191337585,-0.0263054445385932,-0.1119871288537979,-0.3825489023150431,-2407323664384.0,0.01,0.01,0.01,0.01,0.01,0.01,0.01,1.0,1.0,1.0,1.0,1.0,1.0,1.0,0.01,0.12489608,0.06906432,0.01,0.01,0.01,0.01,0.36432716,0.095580384,0.06388522,0.010000304,0.015700502,0.02060202,0.34226692,-0.2054870357655466,0.2535200007484381
1.33,-667854528.0,0.1916210681089336,0.0461508631706237,-0.0345223098993301,-0.1032093986868858,-0.4016615152359009,-2407323664384.0,0.01,0.01,0.01,0.01,0.01,0.01,0.01,1.0,1.0,1.0,1.0,1.0,1.0,1.0,0.01,0.19162107,0.046150863,0.01,0.01,0.01,0.01,0.36432716,0.14391384,0.062880054,0.0100002745,0.015131102,0.019529505,0.34226692,-0.2045278012023045,-0.0467836826768298
1.34,-667854528.0,0.1890132391497249,0.0466429442167282,-0.0460712611675262,-0.0881980508565902,-0.3875728845596313,-2407323664384.0,0.01,0.01,0.01,0.01,0.01,0.01,0.01,1.0,1.0,1.0,1.0,1.0,1.0,1.0,0.01,0.18901324,0.046642944,0.01,0.01,0.01,0.01,0.36432716,0.16994284,0.061044544,0.0100002475,0.014618928,0.018567352,0.34226692,-0.2071475759935171,-0.438562062685045
1.35,-667854528.0,0.1938434360426344,0.0342763103544712,-0.0600352846086025,-0.0681414008140564,-0.3690207004547119,-2407323664384.0,0.01,0.01,0.01,0.01,0.01,0.01,0.01,1.0,1.0,1.0,1.0,1.0,1.0,1.0,0.01,0.19384344,0.03427631,0.01,0.01,0.01,0.01,0.36432716,0.18746082,0.05828617,0.010000223,0.014158126,0.017703788,0.34226692,-0.2137944869628956,-0.8240191221816495
1.36,-667854528.0,0.1697775596299279,0.0123553052544593,-0.086741991341114,-0.0402108915150165,-0.3415896594524383,-2407323664384.0,0.01,0.01,0.01,0.01,0.01,0.01,0.01,1.0,1.0,1.0,1.0,1.0,1.0,1.0,0.01,0.16977756,0.012355305,0.01,0.01,0.01,0.01,0.36432716,0.18876302,0.05352122,0.010000201,0.013744056,0.0169295,0.34226692,-0.2237011460752218,-1.0991091608017678
1.37,-667854528.0,0.1407851785891155,-0.0179522726684808,-0.1173010841012001,0.0208824872970581,-0.2779227793216705,-2407323664384.0,0.01,0.01,0.01,0.01,0.01,0.01,0.01,1.0,1.0,1.0,1.0,1.0,1.0,1.0,0.01,0.14078517,0.01,0.01,0.020882487,0.01,0.01,0.36432716,0.18390387,0.048779763,0.010000181,0.018676328,0.016234493,0.34226692,-0.2356157812124539,-1.2396160441501445
1.38,-667854528.0,0.1104933421941337,-0.0493621863424778,-0.130952775478363,-0.0223801620304584,-0.2387723326683044,-2407323664384.0,0.01,0.01,0.01,0.01,0.01,0.01,0.01,1.0,1.0,1.0,1.0,1.0,1.0,1.0,0.01,0.11049334,0.01,0.01,0.01,0.01,0.01,0.36432716,0.17502515,0.044570766,0.010000164,0.018232955,0.015610375,0.34226692,-0.247953328377329,-1.2081791997167868
1.39,-667854528.0,0.0916497963528275,-0.0755899026989936,-0.1470919996500015,0.0564561448991298,-0.2152270880820476,-2407323664384.0,0.01,0.01,0.01,0.01,0.01,0.01,0.01,1.0,1.0,1.0,1.0,1.0,1.0,1.0,0.01,0.09164979,0.01,0.01,0.056456145,0.01,0.01,0.36432716,0.16408373,0.04086235,0.010000147,0.04493593,0.015050484,0.34226692,-0.2592730560551565,-1.0387464162660411
1.4,-667854528.0,0.0604071358252392,-0.0908010974526405,-0.1546048820018768,-0.0678307265043258,-0.1445390821334118,-2407323664384.0,0.01,0.01,0.01,0.01,0.01,0.01,0.01,1.0,1.0,1.0,1.0,1.0,1.0,1.0,0.01,0.060407136,0.01,0.01,0.01,0.01,0.01,0.36432716,0.15169485,0.03757943,0.010000133,0.04295511,0.01454698,0.34226692,-0.2677026271895603,-0.658060668500193
1.41,-667854528.0,0.0033756571290038,-0.0888881534337997,-0.1435424834489822,-0.0261628441512584,-0.0891348450738854,-2407323664384.0,0.01,0.01,0.01,0.01,0.01,0.01,0.01,1.0,1.0,1.0,1.0,1.0,1.0,1.0,0.01,0.01,0.01,0.01,0.01,0.01,0.01,0.36432716,0.13560253,0.034662753,0.01000012,0.0394241,0.014093399,0.34226692,-0.271632660824284,-0.1946541536173095
1.42,-667854528.0,-0.0620143931719378,-0.0689700692892074,-0.1203927397727966,-0.0070687346160411,-0.0342896519867751,-2407323664384.0,0.01,0.01,0.01,0.01,0.01,0.01,0.01,1.0,1.0,1.0,1.0,1.0,1.0,1.0,0.01,0.01,0.01,0.01,0.01,0.01,0.01,0.36432716,0.11924966,0.032077976,0.010000108,0.0363042,0.013686235,0.34226692,-0.2712944382452222,0.1965364041184722
1.4300000000000002,-667854528.0,-0.1348719298839569,-0.0410899296402931,-0.09633219987154,-0.0071664173156023,0.0318698188585636,-2407323664384.0,0.01,0.01,0.01,0.01,0.01,0.01,0.01,1.0,1.0,1.0,1.0,1.0,1.0,1.0,0.01,0.01,0.01,0.01,0.01,0.031869818,0.01,0.36432716,0.10548834,0.029781532,0.010000098,0.033539567,0.0211975,0.34226692,-0.267939953610582,0.4244857488028446
1.44,-667854528.0,-0.1174307391047477,-0.0173815172165632,-0.0785770639777183,-0.0193625390529632,0.0331554906821667,-2407323664384.0,0.01,0.01,0.01,0.01,0.01,0.01,0.01,1.0,1.0,1.0,1.0,1.0,1.0,1.0,0.01,0.01,0.01,0.01,0.01,0.03315549,0.01,0.36432716,0.093772836,0.027734073,0.010000087,0.0310803,0.02634689,0.34226692,-0.2630993543727944,0.518579880307095
1.4500000000000002,-667854528.0,-0.1012580394744873,0.0079282280057668,-0.0642086640000343,-0.0321440286934375,0.0133183914088595,-2407323664384.0,0.01,0.01,0.01,0.01,0.01,0.01,0.01,1.0,1.0,1.0,1.0,1.0,1.0,1.0,0.01,0.01,0.01,0.01,0.01,0.0133183915,0.01,0.36432716,0.08369378,0.025901584,0.010000079,0.028883625,0.026505314,0.34226692,-0.2576353924171954,0.5656929244739044
1.46,-667854528.0,-0.0945752561092376,0.0411395914852619,-0.0492809191346168,-0.0428469963371753,-0.0066633254386742,-2407323664384.0,0.01,0.01,0.01,0.01,0.01,0.01,0.01,1.0,1.0,1.0,1.0,1.0,1.0,1.0,0.01,0.01,0.04113959,0.01,0.01,0.01,0.01,0.36432716,0.07503239,0.03603617,0.0100000715,0.026929673,0.02494798,0.34226692,-0.2516635017258465,0.6202191624065507
1.4700000000000002,-667854528.0,-0.0962664410471916,-0.0026144161820411,-0.0382197983562946,-0.0562576912343502,-0.0445959544494576,-2407323664384.0,0.01,0.01,0.01,0.01,0.01,0.01,0.01,1.0,1.0,1.0,1.0,1.0,1.0,1.0,0.01,0.01,0.01,0.01,0.01,0.01,0.01,0.36432716,0.06751332,0.034962088,0.010000064,0.025183016,0.023413537,0.34226692,-0.2452852820987537,0.6442070189124502
1.48,-667854528.0,-0.1007087081670761,0.0269462987780571,-0.033555332571268,-0.0697229951620101,-0.0868141104864758,-2407323664384.0,0.01,0.01,0.01,0.01,0.01,0.01,0.01,1.0,1.0,1.0,1.0,1.0,1.0,1.0,0.01,0.01,0.026946299,0.01,0.01,0.01,0.01,0.36432716,0.060958687,0.033766083,0.0100000575,0.023620373,0.022039266,0.34226692,-0.2388035875663625,0.6521743417819537
1.4900000000000002,-667854528.0,-0.1062981337308883,0.0570128038525581,-0.0273911170661449,-0.0809428319334983,-0.1195071899486103,-2407323664384.0,0.01,0.01,0.01,0.01,0.01,0.01,0.01,1.0,1.0,1.0,1.0,1.0,1.0,1.0,0.01,0.01,0.057012804,0.01,0.01,0.01,0.01,0.36432716,0.05526921,0.04950393,0.010000052,0.022230718,0.020815883,0.34226692,-0.2322046298321807,0.6604742590813903
1.5,-667854528.0,-0.0619287623915061,0.0119302030652761,-0.0343933217227458,-0.0903200432658195,-0.1416284814151412,-2407323664384.0,0.01,0.01,0.01,0.01,0.01,0.01,0.01,1.0,1.0,1.0,1.0,1.0,1.0,1.0,0.01,0.01,0.011930203,0.01,0.01,0.01,0.01,0.36432716,0.05027629,0.04736693,0.010000047,0.02098631,0.019719418,0.34226692,-0.225820575969999,0.6137474456431241
1.5099999999999998,-667854528.0,0.0094126172293877,0.0418477281928062,-0.0319760851562023,-0.096917524933815,-0.1919714622146848,-2407323664384.0,0.01,0.01,0.01,0.01,0.01,0.01,0.01,1.0,1.0,1.0,1.0,1.0,1.0,1.0,0.01,0.01,0.04184773,0.01,0.01,0.01,0.01,0.36432716,0.045871068,0.046249267,0.010000043,0.019868819,0.018734034,0.34226692,-0.2201154823909984,0.5419176001210831
1.52,-667854528.0,0.0831694985360235,0.0632978901267051,-0.0300721116364002,-0.0995470881462097,-0.2655540138688148,-2407323664384.0,0.01,0.01,0.01,0.01,0.01,0.01,0.01,1.0,1.0,1.0,1.0,1.0,1.0,1.0,0.01,0.0831695,0.06329789,0.01,0.01,0.01,0.01,0.36432716,0.06042368,0.05714484,0.010000038,0.018872207,0.0178546,0.34226692,-0.2150129150537372,0.4833132352644712
1.5299999999999998,-667854528.0,0.1178158044181317,0.0372881852090358,-0.0307999439537525,-0.1001420766115188,-0.3524654564226895,-2407323664384.0,0.01,0.01,0.01,0.01,0.01,0.01,0.01,1.0,1.0,1.0,1.0,1.0,1.0,1.0,0.01,0.11781581,0.037288185,0.01,0.01,0.01,0.01,0.36432716,0.086923644,0.056005366,0.010000034,0.017978847,0.017065784,0.34226692,-0.2108107235183028,0.3537316396532966
1.54,-667854528.0,0.174620530838352,0.0529742985963821,-0.0341794081032276,-0.0978665649890899,-0.4021124243736267,-2407323664384.0,0.01,0.01,0.01,0.01,0.01,0.01,0.01,1.0,1.0,1.0,1.0,1.0,1.0,1.0,0.01,0.17462052,0.0529743,0.01,0.01,0.01,0.01,0.36432716,0.12996858,0.055451855,0.010000031,0.017177328,0.016357664,0.34226692,-0.2084606933254783,0.1214826309389621
1.5500000000000005,-667854528.0,0.1906907076694365,0.0535332858562469,-0.042083516716957,-0.0897203087806701,-0.393135517835617,-2407323664384.0,0.01,0.01,0.01,0.01,0.01,0.01,0.01,1.0,1.0,1.0,1.0,1.0,1.0,1.0,0.01,0.19069071,0.053533286,0.01,0.01,0.01,0.01,0.36432716,0.16314083,0.055232283,0.010000028,0.016457409,0.01572132,0.34226692,-0.209079930806873,-0.2227575549043604
1.56,-667854528.0,0.1957882869617129,0.0402158126235008,-0.0542012751102447,-0.0737663507461547,-0.3765214085578918,-2407323664384.0,0.01,0.01,0.01,0.01,0.01,0.01,0.01,1.0,1.0,1.0,1.0,1.0,1.0,1.0,0.01,0.1957883,0.040215813,0.01,0.01,0.01,0.01,0.36432716,0.18543786,0.053774077,0.010000025,0.015810065,0.01514887,0.34226692,-0.2136006021284874,-0.6255921858698192
1.5699999999999998,-667854528.0,0.1787959707587479,0.0212146341800689,-0.0721581280231475,-0.0549197569489479,-0.3575523197650909,-2407323664384.0,0.01,0.01,0.01,0.01,0.01,0.01,0.01,1.0,1.0,1.0,1.0,1.0,1.0,1.0,0.01,0.17879596,0.021214634,0.01,0.01,0.01,0.01,0.36432716,0.19083288,0.050484374,0.010000023,0.015229019,0.014634838,0.34226692,-0.2219031870804007,-0.9713835456600972
1.58,-667854528.0,0.1524350963375033,-0.0055145109072327,-0.1027183681726455,-0.0104207657277584,-0.313456267118454,-2407323664384.0,0.01,0.01,0.01,0.01,0.01,0.01,0.01,1.0,1.0,1.0,1.0,1.0,1.0,1.0,0.01,0.1524351,0.01,0.01,0.01,0.01,0.01,0.36432716,0.18736665,0.046224233,0.01000002,0.014706925,0.01417279,0.34226692,-0.2329321410555545,-1.1868241879112078
1.59,-667854528.0,0.1212329145708547,-0.0375215671956539,-0.1301125735044479,0.0471266210079193,-0.2531129717826843,-2407323664384.0,0.01,0.01,0.01,0.01,0.01,0.01,0.01,1.0,1.0,1.0,1.0,1.0,1.0,1.0,0.01,0.12123291,0.01,0.01,0.04712662,0.01,0.01,0.36432716,0.17952114,0.042324543,0.010000018,0.037329,0.013758055,0.34226692,-0.2453250703982605,-1.2461386260811012
1.6,-667854528.0,0.0969967870261842,-0.0683149546384811,-0.1430811285972595,-0.073661521077156,-0.2364682257175445,-2407323664384.0,0.01,0.01,0.01,0.01,0.01,0.01,0.01,1.0,1.0,1.0,1.0,1.0,1.0,1.0,0.01,0.096996784,0.01,0.01,0.01,0.01,0.01,0.36432716,0.16887076,0.03887569,0.010000017,0.03585702,0.01338483,0.34226692,-0.2568590683455803,-1.0376640976936111
1.61,-667854528.0,0.0747203882362786,-0.0875005573034286,-0.1530617922544479,-0.0251739211380481,-0.1662984355307089,-2407323664384.0,0.01,0.01,0.01,0.01,0.01,0.01,0.01,1.0,1.0,1.0,1.0,1.0,1.0,1.0,0.01,0.07472039,0.01,0.01,0.01,0.01,0.01,0.36432716,0.15734054,0.03581768,0.010000015,0.033138815,0.013048737,0.34226692,-0.265171291307311,-0.6532129098834839
1.62,-667854528.0,0.0236579135564739,-0.086434356868267,-0.1417632102966308,0.0189583525061607,-0.1138097299273002,-2407323664384.0,0.01,0.01,0.01,0.01,0.01,0.01,0.01,1.0,1.0,1.0,1.0,1.0,1.0,1.0,0.01,0.023657914,0.01,0.01,0.018958353,0.01,0.01,0.36432716,0.14229342,0.03309895,0.010000014,0.031476237,0.012745796,0.34226692,-0.2694641878372945,-0.2746686480789779
1.63,-667854528.0,-0.0399063168981807,-0.0694039091467857,-0.1214344352483749,0.0196089670062065,-0.0561167657915597,-2407323664384.0,0.01,0.01,0.01,0.01,0.01,0.01,0.01,1.0,1.0,1.0,1.0,1.0,1.0,1.0,0.01,0.01,0.01,0.01,0.019608967,0.01,0.01,0.36432716,0.125042,0.030686062,0.010000012,0.030232262,0.012473504,0.34226692,-0.2705771941012845,0.0007885473707457
1.64,-667854528.0,-0.1181657802723599,-0.0475664287805557,-0.1024761795997619,0.0015051998198032,0.0139846087581613,-2407323664384.0,0.01,0.01,0.01,0.01,0.01,0.01,0.01,1.0,1.0,1.0,1.0,1.0,1.0,1.0,0.01,0.01,0.01,0.01,0.01,0.013984608,0.01,0.36432716,0.110351466,0.028538141,0.010000011,0.028249426,0.013000636,0.34226692,-0.2695541661480692,0.1666826134148407
1.65,-667854528.0,-0.1246476843953132,-0.0271123219281435,-0.0872974246740341,-0.010263942182064,0.0750813865276893,-2407323664384.0,0.01,0.01,0.01,0.01,0.01,0.01,0.01,1.0,1.0,1.0,1.0,1.0,1.0,1.0,0.01,0.01,0.01,0.01,0.01,0.075081386,0.01,0.36432716,0.0979301,0.026626678,0.01000001,0.026369093,0.046105396,0.34226692,-0.2673612007230762,0.2614390065736511
1.66,-667854528.0,-0.1148932948708534,-0.0147573547437787,-0.0785711705684661,-0.0211227163672447,-0.0683575370316684,-2407323664384.0,0.01,0.01,0.01,0.01,0.01,0.01,0.01,1.0,1.0,1.0,1.0,1.0,1.0,1.0,0.01,0.01,0.01,0.01,0.01,0.01,0.01,0.36432716,0.087305754,0.024919108,0.010000009,0.024689067,0.04522151,0.34226692,-0.2639935727087596,0.4090058121440692
1.67,-667854528.0,-0.1081053093075752,0.0033423006534576,-0.069469541311264,-0.0319991894066333,-0.0283756385127028,-2407323664384.0,0.01,0.01,0.01,0.01,0.01,0.01,0.01,1.0,1.0,1.0,1.0,1.0,1.0,1.0,0.01,0.01,0.01,0.01,0.01,0.01,0.01,0.36432716,0.07814202,0.023389824,0.010000008,0.023184247,0.04142544,0.34226692,-0.2587979646016395,0.6038467507786855
1.6800000000000002,-667854528.0,-0.1020417511463165,0.034243281930685,-0.054077859967947,-0.044123850762844,-0.0427171752003436,-2407323664384.0,0.01,0.01,0.01,0.01,0.01,0.01,0.01,1.0,1.0,1.0,1.0,1.0,1.0,1.0,0.01,0.01,0.034243282,0.01,0.01,0.01,0.01,0.36432716,0.070211,0.030418374,0.010000007,0.0218372,0.03806506,0.34226692,-0.2516161642604411,0.7929776219623238
1.69,-667854528.0,-0.0967688709497451,0.0037779323756694,-0.0326001197099685,-0.0642794743180275,-0.080606286572176,-2407323664384.0,0.01,0.01,0.01,0.01,0.01,0.01,0.01,1.0,1.0,1.0,1.0,1.0,1.0,1.0,0.01,0.01,0.01,0.01,0.01,0.01,0.01,0.36432716,0.06333814,0.029378016,0.010000006,0.020633776,0.035093386,0.34226692,-0.24294391377024,0.910269397507014
1.7000000000000002,-667854528.0,-0.0944507494568824,0.057007011026144,-0.0247197858989238,-0.0875093638896942,-0.118594030562674,-2407323664384.0,0.01,0.01,0.01,0.01,0.01,0.01,0.01,1.0,1.0,1.0,1.0,1.0,1.0,1.0,0.01,0.01,0.05700701,0.01,0.01,0.01,0.01,0.36432716,0.05735631,0.04820383,0.010000006,0.019557945,0.032460712,0.34226692,-0.2334902819320555,0.9589724126292613
1.71,-667854528.0,-0.0645240088490186,0.008480941876769,-0.0214060619473457,-0.1081635653972625,-0.1454693449571659,-2407323664384.0,0.01,0.01,0.01,0.01,0.01,0.01,0.01,1.0,1.0,1.0,1.0,1.0,1.0,1.0,0.01,0.01,0.01,0.01,0.01,0.01,0.01,0.36432716,0.052111246,0.045974504,0.010000005,0.01859267,0.030117016,0.34226692,-0.2242130847747462,0.8871460067586594
1.7200000000000002,-667854528.0,0.0076903902640521,0.0553016178309917,-0.0120255351066589,-0.1216822862625122,-0.1914667088189948,-2407323664384.0,0.01,0.01,0.01,0.01,0.01,0.01,0.01,1.0,1.0,1.0,1.0,1.0,1.0,1.0,0.01,0.01,0.055301618,0.01,0.01,0.01,0.01,0.36432716,0.04750371,0.051913735,0.010000004,0.017727045,0.028030105,0.34226692,-0.2160883595011936,0.7506266539713108
1.73,-667854528.0,0.0781193058707868,0.0581243187189102,-0.0129787288606166,-0.1254457831382751,-0.2616894761679343,-2407323664384.0,0.01,0.01,0.01,0.01,0.01,0.01,0.01,1.0,1.0,1.0,1.0,1.0,1.0,1.0,0.01,0.07811931,0.05812432,0.01,0.01,0.01,0.01,0.36432716,0.058631703,0.05608181,0.010000004,0.016948784,0.026165448,0.34226692,-0.2094732685964819,0.5953788524997361
1.7400000000000002,-667854528.0,0.1065734126139414,0.0640128552913665,-0.0189029760658741,-0.1220492571592331,-0.3437338707719312,-2407323664384.0,0.01,0.01,0.01,0.01,0.01,0.01,0.01,1.0,1.0,1.0,1.0,1.0,1.0,1.0,0.01,0.10657341,0.064012855,0.01,0.01,0.01,0.01,0.36432716,0.0797649,0.061262924,0.0100000035,0.016252335,0.024506524,0.34226692,-0.2045960641031202,0.3918087861320694
1.75,-667854528.0,0.1723090377690595,0.0595079138875007,-0.0270167738199234,-0.1138197407126426,-0.4106049537658691,-2407323664384.0,0.01,0.01,0.01,0.01,0.01,0.01,0.01,1.0,1.0,1.0,1.0,1.0,1.0,1.0,0.01,0.17230904,0.059507914,0.01,0.01,0.01,0.01,0.36432716,0.1258094,0.06156987,0.0100000035,0.015626814,0.023024058,0.34226692,-0.2021150223892684,0.120499040176149
1.7599999999999998,-667854528.0,0.1889263082676916,0.0594490393996238,-0.0381477549672126,-0.1000725477933883,-0.398114800453186,-2407323664384.0,0.01,0.01,0.01,0.01,0.01,0.01,0.01,1.0,1.0,1.0,1.0,1.0,1.0,1.0,0.01,0.18892631,0.05944904,0.01,0.01,0.01,0.01,0.36432716,0.15860854,0.06133216,0.0100000035,0.015064398,0.021697147,0.34226692,-0.2028563150082644,-0.23652602074844
1.77,-667854528.0,0.2009989887288208,0.0464759171009063,-0.0519032850861549,-0.0800689607858657,-0.3795194923877716,-2407323664384.0,0.01,0.01,0.01,0.01,0.01,0.01,0.01,1.0,1.0,1.0,1.0,1.0,1.0,1.0,0.01,0.20099899,0.046475917,0.01,0.01,0.01,0.01,0.36432716,0.18519151,0.059850264,0.010000003,0.014558528,0.020508457,0.34226692,-0.2074718656530358,-0.6293093332558628
1.7799999999999998,-667854528.0,0.1837806956970183,0.0272136814892292,-0.0703666508197784,-0.0593725703656673,-0.3602864742279053,-2407323664384.0,0.01,0.01,0.01,0.01,0.01,0.01,0.01,1.0,1.0,1.0,1.0,1.0,1.0,1.0,0.01,0.1837807,0.027213681,0.01,0.01,0.01,0.01,0.36432716,0.19246854,0.05649024,0.010000003,0.014104148,0.019444687,0.34226692,-0.2157179950727148,-0.9590419073332672
1.79,-667854528.0,0.1601984930553406,-0.0004101237282156,-0.1007726117968559,-0.0159727744758129,-0.3171878159046173,-2407323664384.0,0.01,0.01,0.01,0.01,0.01,0.01,0.01,1.0,1.0,1.0,1.0,1.0,1.0,1.0,0.01,0.1601985,0.01,0.01,0.01,0.01,0.01,0.36432716,0.1898831,0.051601864,0.010000003,0.013695548,0.018491223,0.34226692,-0.2265551151332097,-1.1626642419716944
1.8000000000000005,-667854528.0,0.1292819949051769,-0.0308392234146595,-0.1278780400753021,0.0401779040694236,-0.2532475888729095,-2407323664384.0,0.01,0.01,0.01,0.01,0.01,0.01,0.01,1.0,1.0,1.0,1.0,1.0,1.0,1.0,0.01,0.129282,0.01,0.01,0.040177904,0.01,0.01,0.36432716,0.18297979,0.04706311,0.010000002,0.03218551,0.017637268,0.34226692,-0.2387197402236518,-1.2288959361545482
1.81,-667854528.0,0.1031294947516677,-0.0600507259368896,-0.1373675465583801,-0.0698084533214569,-0.2343259453773498,-2407323664384.0,0.01,0.01,0.01,0.01,0.01,0.01,0.01,1.0,1.0,1.0,1.0,1.0,1.0,1.0,0.01,0.10312949,0.01,0.01,0.01,0.01,0.01,0.36432716,0.17280988,0.043062553,0.010000002,0.031081634,0.01687089,0.34226692,-0.2502445270377035,-1.0559604467134434
1.82,-667854528.0,0.0848402148305829,-0.0794408768415451,-0.146602988243103,-0.0245885364711284,-0.1796131925676138,-2407323664384.0,0.01,0.01,0.01,0.01,0.01,0.01,0.01,1.0,1.0,1.0,1.0,1.0,1.0,1.0,0.01,0.084840216,0.01,0.01,0.01,0.01,0.01,0.36432716,0.16161151,0.039523162,0.010000002,0.028890057,0.016182004,0.34226692,-0.2590164461203477,-0.7261180206195528
1.83,-667854528.0,0.0397831345714803,-0.0814304873347282,-0.1407949179410934,0.0249391198158264,-0.1241102029750024,-2407323664384.0,0.01,0.01,0.01,0.01,0.01,0.01,0.01,1.0,1.0,1.0,1.0,1.0,1.0,1.0,0.01,0.039783135,0.01,0.01,0.02493912,0.01,0.01,0.36432716,0.14782141,0.036383536,0.010000002,0.028164878,0.015562231,0.34226692,-0.2643393224622459,-0.4022244365313319
1.84,-667854528.0,-0.0228062761828314,-0.0691920146346092,-0.1246249824762344,0.0168269798159599,-0.0653731504019242,-2407323664384.0,0.01,0.01,0.01,0.01,0.01,0.01,0.01,1.0,1.0,1.0,1.0,1.0,1.0,1.0,0.01,0.01,0.01,0.01,0.01682698,0.01,0.01,0.36432716,0.13044786,0.033603918,0.010000002,0.027106488,0.01500633,0.34226692,-0.2669054565651809,-0.1554279386133367
1.85,-667854528.0,-0.0992228234933679,-0.051931083202362,-0.1086213439702987,0.0045463182032108,0.0047994700691474,-2407323664384.0,0.01,0.01,0.01,0.01,0.01,0.01,0.01,1.0,1.0,1.0,1.0,1.0,1.0,1.0,0.01,0.01,0.01,0.01,0.01,0.01,0.01,0.36432716,0.11489662,0.03113412,0.010000002,0.02544004,0.0145067135,0.34226692,-0.267437216721883,0.0146162771269452
1.86,-667854528.0,-0.1300335079431533,-0.0345625765621662,-0.0951614305377006,-0.0052291825413703,0.0791134253468683,-2407323664384.0,0.01,0.01,0.01,0.01,0.01,0.01,0.01,1.0,1.0,1.0,1.0,1.0,1.0,1.0,0.01,0.01,0.01,0.01,0.01,0.079113424,0.01,0.36432716,0.10177995,0.028939033,0.010000001,0.02385911,0.047584288,0.34226692,-0.2666525449884372,0.1281756966190267
1.87,-667854528.0,-0.1223426684737205,-0.0213128738105297,-0.0847218558192253,-0.0156724359840154,-0.0443686083541329,-2407323664384.0,0.01,0.01,0.01,0.01,0.01,0.01,0.01,1.0,1.0,1.0,1.0,1.0,1.0,1.0,0.01,0.01,0.01,0.01,0.01,0.01,0.01,0.36432716,0.090602696,0.026982695,0.010000001,0.02244574,0.046524867,0.34226692,-0.2645040934327863,0.2965194245389872
1.88,-667854528.0,-0.115516111254692,-0.0093619441613554,-0.0770942717790603,-0.0268741585314273,-0.0052517121004678,-2407323664384.0,0.01,0.01,0.01,0.01,0.01,0.01,0.01,1.0,1.0,1.0,1.0,1.0,1.0,1.0,0.01,0.01,0.01,0.01,0.01,0.01,0.01,0.36432716,0.08095342,0.025228893,0.010000001,0.0211753,0.042566534,0.34226692,-0.260292337632828,0.5071214628870764
1.89,-667854528.0,-0.1073725521564483,0.0148174241185188,-0.0646970123052597,-0.0399419218301773,-0.0196508708890811,-2407323664384.0,0.01,0.01,0.01,0.01,0.01,0.01,0.01,1.0,1.0,1.0,1.0,1.0,1.0,1.0,0.01,0.01,0.014817424,0.01,0.01,0.01,0.01,0.36432716,0.072599985,0.024035381,0.010000001,0.020034699,0.039058518,0.34226692,-0.2539737643013925,0.7027255401305826
1.9,-667854528.0,-0.0997941941022872,0.0504067540168762,-0.0438357442617416,-0.0570400841534137,-0.0595659097905764,-2407323664384.0,0.01,0.01,0.01,0.01,0.01,0.01,0.01,1.0,1.0,1.0,1.0,1.0,1.0,1.0,0.01,0.01,0.050406754,0.01,0.01,0.01,0.01,0.36432716,0.06543242,0.04217561,0.010000001,0.019021047,0.03598016,0.34226692,-0.2460661543385957,0.8488888336306123
1.91,-667854528.0,-0.0968635603785514,-0.0101593481376767,-0.0235101506114006,-0.0802858248353004,-0.1012381774122895,-2407323664384.0,0.01,0.01,0.01,0.01,0.01,0.01,0.01,1.0,1.0,1.0,1.0,1.0,1.0,1.0,0.01,0.01,0.01,0.01,0.01,0.01,0.01,0.36432716,0.059179123,0.040429506,0.010000001,0.018111326,0.03324578,0.34226692,-0.2372741171283264,0.8865593797020627
1.92,-667854528.0,-0.0852175802219553,0.0282627008855342,-0.0130862109363079,-0.1014350056648254,-0.1320196952373579,-2407323664384.0,0.01,0.01,0.01,0.01,0.01,0.01,0.01,1.0,1.0,1.0,1.0,1.0,1.0,1.0,0.01,0.01,0.0282627,0.01,0.01,0.01,0.01,0.36432716,0.053707104,0.038870923,0.010000001,0.017294945,0.030814592,0.34226692,-0.2286512715884064,0.835999974475417
1.93,-667854528.0,-0.0117580267976361,0.0776881277561187,-0.0208484977483749,-0.115159697830677,-0.1692989857977249,-2407323664384.0,0.01,0.01,0.01,0.01,0.01,0.01,0.01,1.0,1.0,1.0,1.0,1.0,1.0,1.0,0.01,0.01,0.07768813,0.01,0.01,0.01,0.01,0.36432716,0.048911907,0.06526998,0.010000001,0.016563142,0.028653506,0.34226692,-0.2207206093180918,0.7494793876529321
1.94,-667854528.0,0.0591816154946515,0.0195982810109853,-0.0165710262954235,-0.1211309283971786,-0.236342012285759,-2407323664384.0,0.01,0.01,0.01,0.01,0.01,0.01,0.01,1.0,1.0,1.0,1.0,1.0,1.0,1.0,0.01,0.059181616,0.019598281,0.01,0.01,0.01,0.01,0.36432716,0.05089062,0.062988356,0.010000001,0.015905093,0.02672439,0.34226692,-0.2141008532098293,0.5848515090806629
1.95,-667854528.0,0.104319075061203,0.0475155264139175,-0.0210384391248226,-0.119426891207695,-0.3177308773729026,-2407323664384.0,0.01,0.01,0.01,0.01,0.01,0.01,0.01,1.0,1.0,1.0,1.0,1.0,1.0,1.0,0.01,0.10431907,0.047515526,0.01,0.01,0.01,0.01,0.36432716,0.07510644,0.06074698,0.010000001,0.015314816,0.025005562,0.34226692,-0.2094641788314984,0.3600527886741866
1.96,-667854528.0,0.1520695130474543,0.0665910691022872,-0.0299386605620384,-0.1106580942869186,-0.4026821031587279,-2407323664384.0,0.01,0.01,0.01,0.01,0.01,0.01,0.01,1.0,1.0,1.0,1.0,1.0,1.0,1.0,0.01,0.15206951,0.06659107,0.01,0.01,0.01,0.01,0.36432716,0.11287533,0.06418152,0.010000001,0.014783616,0.023467805,0.34226692,-0.2073081566088604,0.1000203009540598
1.97,-667854528.0,0.1877412998264086,0.0537043958902359,-0.0413846150040626,-0.096189260482788,-0.3927600085735321,-2407323664384.0,0.01,0.01,0.01,0.01,0.01,0.01,0.01,1.0,1.0,1.0,1.0,1.0,1.0,1.0,0.01,0.1877413,0.053704396,0.01,0.01,0.01,0.01,0.36432716,0.15040891,0.06359367,0.010000001,0.014306329,0.022093508,0.34226692,-0.2080612520989034,-0.2187436644644437
1.98,-667854528.0,0.1949322171379943,0.0437357872724533,-0.0540916137397289,-0.0772150009870529,-0.3754551410675049,-2407323664384.0,0.01,0.01,0.01,0.01,0.01,0.01,0.01,1.0,1.0,1.0,1.0,1.0,1.0,1.0,0.01,0.19493222,0.043735787,0.01,0.01,0.01,0.01,0.36432716,0.17742303,0.061507445,0.010000001,0.013876793,0.020862566,0.34226692,-0.2123140430595133,-0.5782440452933411
1.99,-667854528.0,0.1843419665893754,0.0268877651542425,-0.0709653794765472,-0.0582208186388015,-0.3580855429172516,-2407323664384.0,0.01,0.01,0.01,0.01,0.01,0.01,0.01,1.0,1.0,1.0,1.0,1.0,1.0,1.0,0.01,0.18434197,0.026887765,0.01,0.01,0.01,0.01,0.36432716,0.18767159,0.05790288,0.010000001,0.013490958,0.019761652,0.34226692,-0.2199693362247279,-0.8959021369883277
2.0,-667854528.0,0.1622963853205596,0.0019761892035603,-0.0990166664123535,-0.0199683904647827,-0.3194323778152466,-2407323664384.0,0.01,0.01,0.01,0.01,0.01,0.01,0.01,1.0,1.0,1.0,1.0,1.0,1.0,1.0,0.01,0.16229638,0.01,0.01,0.01,0.01,0.01,0.36432716,0.1861369,0.05286226,0.010000001,0.013143876,0.018775119,0.34226692,-0.230219104694171,-1.1074499590986888
2.01,-667854528.0,0.1322610524389988,-0.0270307715982198,-0.125952810049057,0.0337331406772136,-0.2587231397628784,-2407323664384.0,0.01,0.01,0.01,0.01,0.01,0.01,0.01,1.0,1.0,1.0,1.0,1.0,1.0,1.0,0.01,0.13226105,0.01,0.01,0.03373314,0.01,0.01,0.36432716,0.18034549,0.048167128,0.01,0.02738735,0.017891152,0.34226692,-0.2419479170142793,-1.1967433906556448
2.02,-667854528.0,0.1042161100042537,-0.0558530390262603,-0.1465645879507064,-0.0596105493605136,-0.2360257804393768,-2407323664384.0,0.01,0.01,0.01,0.01,0.01,0.01,0.01,1.0,1.0,1.0,1.0,1.0,1.0,1.0,0.01,0.10421611,0.01,0.01,0.01,0.01,0.01,0.36432716,0.17092441,0.044033937,0.01,0.026629198,0.01709833,0.34226692,-0.2534077834978538,-1.0746144091270524
2.03,-667854528.0,0.0900287220192098,-0.0768419802188873,-0.14890718460083,-0.0165753234177827,-0.1966878422014611,-2407323664384.0,0.01,0.01,0.01,0.01,0.01,0.01,0.01,1.0,1.0,1.0,1.0,1.0,1.0,1.0,0.01,0.090028726,0.01,0.01,0.01,0.01,0.01,0.36432716,0.16032527,0.04038188,0.01,0.024919612,0.016386189,0.34226692,-0.2627020944756246,-0.8058109267044986
2.04,-667854528.0,0.0511925169319258,-0.0828967913985252,-0.1453869640827179,0.0373425781726837,-0.1371063578710826,-2407323664384.0,0.01,0.01,0.01,0.01,0.01,0.01,0.01,1.0,1.0,1.0,1.0,1.0,1.0,1.0,0.01,0.05119252,0.01,0.01,0.03734258,0.01,0.01,0.36432716,0.14812382,0.037141036,0.01,0.03309155,0.015745051,0.34226692,-0.2691126721052621,-0.5264581347205145
2.0500000000000003,-667854528.0,-0.0100753871357846,-0.0756947770714759,-0.1321635097265243,-0.0235350914299488,-0.0771948923475061,-2407323664384.0,0.01,0.01,0.01,0.01,0.01,0.01,0.01,1.0,1.0,1.0,1.0,1.0,1.0,1.0,0.01,0.01,0.01,0.01,0.01,0.01,0.01,0.36432716,0.13201617,0.034256227,0.01,0.032422017,0.015166979,0.34226692,-0.2725652121853131,-0.2359454471472301
2.06,-667854528.0,-0.0819947132945611,-0.0598078817129135,-0.1153470277786254,-0.0128161404281854,-0.0107780369549353,-2407323664384.0,0.01,0.01,0.01,0.01,0.01,0.01,0.01,1.0,1.0,1.0,1.0,1.0,1.0,1.0,0.01,0.01,0.01,0.01,0.01,0.01,0.01,0.36432716,0.11618907,0.03171121,0.01,0.030080136,0.014650586,0.34226692,-0.2733668402110028,0.0268574259447196
2.0700000000000003,-667854528.0,-0.1359106451272964,-0.0410865284502506,-0.0996938273310661,-0.0087566394358873,0.0641400438124519,-2407323664384.0,0.01,0.01,0.01,0.01,0.01,0.01,0.01,1.0,1.0,1.0,1.0,1.0,1.0,1.0,0.01,0.01,0.01,0.01,0.01,0.064140044,0.01,0.36432716,0.102867454,0.0294518,0.01,0.027998941,0.03734481,0.34226692,-0.2719834641362537,0.2157685706675072
2.08,-667854528.0,-0.1250927448272705,-0.0237160921096801,-0.085319884121418,-0.0157543830573558,-0.0159454789875199,-2407323664384.0,0.01,0.01,0.01,0.01,0.01,0.01,0.01,1.0,1.0,1.0,1.0,1.0,1.0,1.0,0.01,0.01,0.01,0.01,0.01,0.01,0.01,0.36432716,0.09147756,0.027432606,0.01,0.026137393,0.03763173,0.34226692,-0.2688358403801891,0.3862901452798186
2.09,-667854528.0,-0.1131838336586952,-0.0074304519221186,-0.0754176080226898,-0.0268988851457834,0.0140457666271244,-2407323664384.0,0.01,0.01,0.01,0.01,0.01,0.01,0.01,1.0,1.0,1.0,1.0,1.0,1.0,1.0,0.01,0.01,0.01,0.01,0.01,0.014045767,0.01,0.36432716,0.08166384,0.025624426,0.01,0.024469094,0.035407025,0.34226692,-0.2639514043744664,0.5467732075193636
2.1,-667854528.0,-0.1032717823982238,0.0224267579615116,-0.0603902004659175,-0.0391468591988086,-0.0059534125326054,-2407323664384.0,0.01,0.01,0.01,0.01,0.01,0.01,0.01,1.0,1.0,1.0,1.0,1.0,1.0,1.0,0.01,0.01,0.022426758,0.01,0.01,0.01,0.01,0.36432716,0.07321359,0.024985775,0.01,0.022979666,0.03307611,0.34226692,-0.257601344991965,0.6857975089061239
2.11,-667854528.0,-0.0986601039767265,0.0458847098052501,-0.0413004755973815,-0.054967887699604,-0.0489479973150785,-2407323664384.0,0.01,0.01,0.01,0.01,0.01,0.01,0.01,1.0,1.0,1.0,1.0,1.0,1.0,1.0,0.01,0.01,0.04588471,0.01,0.01,0.01,0.01,0.36432716,0.065957494,0.039147582,0.01,0.021657364,0.03066474,0.34226692,-0.2500693219830384,0.7966070451048041
2.12,-667854528.0,-0.0984680652618408,-0.0054801208898425,-0.0258397869765758,-0.0746541768312454,-0.0929118706035248,-2407323664384.0,0.01,0.01,0.01,0.01,0.01,0.01,0.01,1.0,1.0,1.0,1.0,1.0,1.0,1.0,0.01,0.01,0.01,0.01,0.01,0.01,0.01,0.36432716,0.059637547,0.037481047,0.01,0.020473786,0.028518263,0.34226692,-0.2418859314073636,0.8218993531288873
2.13,-667854528.0,-0.1008739247918129,0.0337028056383132,-0.0295489728450775,-0.0923807024955749,-0.1263706754862815,-2407323664384.0,0.01,0.01,0.01,0.01,0.01,0.01,0.01,1.0,1.0,1.0,1.0,1.0,1.0,1.0,0.01,0.01,0.033702806,0.01,0.01,0.01,0.01,0.36432716,0.054107778,0.036745645,0.01,0.019413022,0.026603958,0.34226692,-0.2337860091527309,0.7967113058018561
2.14,-667854528.0,-0.0378961896980589,0.0711863189935684,-0.0290612913668155,-0.1050125360488891,-0.1542425961702013,-2407323664384.0,0.01,0.01,0.01,0.01,0.01,0.01,0.01,1.0,1.0,1.0,1.0,1.0,1.0,1.0,0.01,0.01,0.07118632,0.01,0.01,0.01,0.01,0.36432716,0.04926404,0.060186632,0.01,0.01846354,0.024898129,0.34226692,-0.2260707308730355,0.7428844904678613
2.15,-667854528.0,0.0328696338432305,0.0154229030013084,-0.0210221968591213,-0.1124835312366485,-0.2133085818353726,-2407323664384.0,0.01,0.01,0.01,0.01,0.01,0.01,0.01,1.0,1.0,1.0,1.0,1.0,1.0,1.0,0.01,0.032869633,0.015422903,0.01,0.01,0.01,0.01,0.36432716,0.04584358,0.057876866,0.01,0.01761066,0.0233718,0.34226692,-0.219312664675551,0.6148656933542251
2.16,-667854528.0,0.1007407589296945,0.0446414500474929,-0.022502027451992,-0.1138392239809036,-0.2913419932948343,-2407323664384.0,0.01,0.01,0.01,0.01,0.01,0.01,0.01,1.0,1.0,1.0,1.0,1.0,1.0,1.0,0.01,0.10074076,0.04464145,0.01,0.01,0.01,0.01,0.36432716,0.070745155,0.05587926,0.01,0.016846491,0.02200913,0.34226692,-0.2140928381035109,0.4432290761430535
2.17,-667854528.0,0.1238534836254347,0.0664791837334632,-0.0287004150450229,-0.1090772151947021,-0.376844416835684,-2407323664384.0,0.01,0.01,0.01,0.01,0.01,0.01,0.01,1.0,1.0,1.0,1.0,1.0,1.0,1.0,0.01,0.12385348,0.066479184,0.01,0.01,0.01,0.01,0.36432716,0.09435854,0.06276547,0.01,0.016161073,0.020790776,0.34226692,-0.210807609174299,0.2247146071280936
2.18,-667854528.0,0.1882659650052114,0.0486750826239585,-0.0375826805830001,-0.0992198288440704,-0.3981631398200989,-2407323664384.0,0.01,0.01,0.01,0.01,0.01,0.01,0.01,1.0,1.0,1.0,1.0,1.0,1.0,1.0,0.01,0.18826596,0.048675083,0.01,0.01,0.01,0.01,0.36432716,0.14103526,0.06204353,0.01,0.015544749,0.019698309,0.34226692,-0.2100879600698432,-0.0623959304986943
2.19,-667854528.0,0.1876686570432075,0.0459582731127738,-0.0490100681781768,-0.0839590579271316,-0.3836356699466705,-2407323664384.0,0.01,0.01,0.01,0.01,0.01,0.01,0.01,1.0,1.0,1.0,1.0,1.0,1.0,1.0,0.01,0.18766865,0.045958273,0.01,0.01,0.01,0.01,0.36432716,0.16771771,0.0602748,0.01,0.014990648,0.018718619,0.34226692,-0.2127193673462863,-0.4274548282429187
2.2,-667854528.0,0.1918317513470495,0.0324960015714168,-0.0622397884726524,-0.065124936401844,-0.366023302078247,-2407323664384.0,0.01,0.01,0.01,0.01,0.01,0.01,0.01,1.0,1.0,1.0,1.0,1.0,1.0,1.0,0.01,0.19183175,0.032496,0.01,0.01,0.01,0.01,0.36432716,0.18534933,0.057442814,0.01,0.0144921215,0.017839184,0.34226692,-0.2191236715312574,-0.7891992794936301
2.21,-667854528.0,0.1689280782744467,0.011878496967256,-0.0877887830138206,-0.0383161529898643,-0.3396390676498413,-2407323664384.0,0.01,0.01,0.01,0.01,0.01,0.01,0.01,1.0,1.0,1.0,1.0,1.0,1.0,1.0,0.01,0.16892807,0.011878497,0.01,0.01,0.01,0.01,0.36432716,0.18706603,0.05268961,0.01,0.014044451,0.0170511,0.34226692,-0.2285990589811688,-1.0520495367340263
2.22,-667854528.0,0.1407573158963564,-0.0172286815941333,-0.116247147321701,0.0181914158165454,-0.2808733880519867,-2407323664384.0,0.01,0.01,0.01,0.01,0.01,0.01,0.01,1.0,1.0,1.0,1.0,1.0,1.0,1.0,0.01,0.14075732,0.01,0.01,0.018191416,0.01,0.01,0.36432716,0.18248014,0.04803972,0.01,0.01692235,0.016343696,0.34226692,-0.240024251064625,-1.1922286203444965
2.23,-667854528.0,0.1109495601735433,-0.047666810452938,-0.1317870169878006,-0.0017866492271423,-0.2415279150009155,-2407323664384.0,0.01,0.01,0.01,0.01,0.01,0.01,0.01,1.0,1.0,1.0,1.0,1.0,1.0,1.0,0.01,0.11094956,0.01,0.01,0.01,0.01,0.01,0.36432716,0.1739402,0.04391803,0.01,0.01651886,0.015708433,0.34226692,-0.2520479297038538,-1.1942240671366249
2.24,-667854528.0,0.0915356156180021,-0.0741057842969894,-0.1496674418449401,0.061231292784214,-0.2211310215302642,-2407323664384.0,0.01,0.01,0.01,0.01,0.01,0.01,0.01,1.0,1.0,1.0,1.0,1.0,1.0,1.0,0.01,0.09153561,0.01,0.01,0.061231293,0.01,0.01,0.36432716,0.16316272,0.04028529,0.01,0.047899216,0.01513861,0.34226692,-0.263457400784411,-1.0625809683298109
2.25,-667854528.0,0.0626222931567539,-0.0914679691195488,-0.1573194861412048,-0.0834142565727233,-0.1472631374406074,-2407323664384.0,0.01,0.01,0.01,0.01,0.01,0.01,0.01,1.0,1.0,1.0,1.0,1.0,1.0,1.0,0.01,0.062622294,0.01,0.01,0.01,0.01,0.01,0.36432716,0.15107484,0.0370697,0.01,0.045699093,0.014626408,0.34226692,-0.2721991199238676,-0.6873630088602413
2.26,-667854528.0,0.0063703241761427,-0.0919140726327896,-0.1470627188682556,-0.0292841512709856,-0.0918321528179799,-2407323664384.0,0.01,0.01,0.01,0.01,0.01,0.01,0.01,1.0,1.0,1.0,1.0,1.0,1.0,1.0,0.01,0.01,0.01,0.01,0.01,0.01,0.01,0.36432716,0.13505879,0.034212437,0.01,0.041851487,0.014165087,0.34226692,-0.2763572819074648,-0.2052430009077344
2.27,-667854528.0,-0.058121803539166,-0.0728347599506378,-0.1235804855823516,-0.0107481144368648,-0.0386245074883621,-2407323664384.0,0.01,0.01,0.01,0.01,0.01,0.01,0.01,1.0,1.0,1.0,1.0,1.0,1.0,1.0,0.01,0.01,0.01,0.01,0.01,0.01,0.01,0.36432716,0.118796416,0.031677995,0.01,0.038454764,0.013750761,0.34226692,-0.2759586598360534,0.2177351504134498
2.28,-667854528.0,-0.1354739586937231,-0.0440483689308166,-0.0981404110789299,-0.0087416097521781,0.026130129588229,-2407323664384.0,0.01,0.01,0.01,0.01,0.01,0.01,0.01,1.0,1.0,1.0,1.0,1.0,1.0,1.0,0.01,0.01,0.01,0.01,0.01,0.02613013,0.01,0.36432716,0.1051067,0.02942566,0.01,0.035448764,0.018838955,0.34226692,-0.272236558615487,0.472896218896349
2.29,-667854528.0,-0.1183946579694747,-0.0189155675470829,-0.0792611092329025,-0.0196521021425724,0.0468683517116318,-2407323664384.0,0.01,0.01,0.01,0.01,0.01,0.01,0.01,1.0,1.0,1.0,1.0,1.0,1.0,1.0,0.01,0.01,0.01,0.01,0.01,0.04686835,0.01,0.36432716,0.09346107,0.027418617,0.01,0.032779966,0.030860234,0.34226692,-0.2668802112509338,0.5704854658423397
2.3000000000000003,-667854528.0,-0.1004449799656868,0.0094662606716156,-0.0627701953053474,-0.0322087630629539,-0.0166167385425361,-2407323664384.0,0.01,0.01,0.01,0.01,0.01,0.01,0.01,1.0,1.0,1.0,1.0,1.0,1.0,1.0,0.01,0.01,0.01,0.01,0.01,0.01,0.01,0.36432716,0.08345257,0.02562379,0.01,0.030401014,0.031594675,0.34226692,-0.260888414497025,0.6234045098472399
2.31,-667854528.0,-0.092973455786705,0.0460546463727951,-0.0462556630373001,-0.0435242429375648,-0.0216852611422764,-2407323664384.0,0.01,0.01,0.01,0.01,0.01,0.01,0.01,1.0,1.0,1.0,1.0,1.0,1.0,1.0,0.01,0.01,0.046054646,0.01,0.01,0.01,0.01,0.36432716,0.074831314,0.03943476,0.01,0.028283432,0.029346513,0.34226692,-0.25426085458517,0.6910960190977177
2.3200000000000003,-667854528.0,-0.0936937257647514,-0.0080109667032957,-0.033853705972433,-0.0590115077793598,-0.0511991720980513,-2407323664384.0,0.01,0.01,0.01,0.01,0.01,0.01,0.01,1.0,1.0,1.0,1.0,1.0,1.0,1.0,0.01,0.01,0.01,0.01,0.01,0.01,0.01,0.36432716,0.06735076,0.038149603,0.01,0.026393097,0.027340906,0.34226692,-0.2471709645622449,0.7134667572292823
2.33,-667854528.0,-0.097763605415821,0.0230089966207742,-0.0266455858945846,-0.0733073428273201,-0.0908761251983852,-2407323664384.0,0.01,0.01,0.01,0.01,0.01,0.01,0.01,1.0,1.0,1.0,1.0,1.0,1.0,1.0,0.01,0.01,0.023008997,0.01,0.01,0.01,0.01,0.36432716,0.060834393,0.036301218,0.01,0.024704447,0.025550323,0.34226692,-0.2401012599315352,0.7027161173309159
2.34,-667854528.0,-0.1038655713200569,0.062874250113964,-0.0219597779214382,-0.0846557989716529,-0.1225751278372296,-2407323664384.0,0.01,0.01,0.01,0.01,0.01,0.01,0.01,1.0,1.0,1.0,1.0,1.0,1.0,1.0,0.01,0.01,0.06287425,0.01,0.01,0.01,0.01,0.36432716,0.055160414,0.054363273,0.01,0.023200039,0.023955954,0.34226692,-0.2331219325055847,0.6885105578822175
2.35,-667854528.0,-0.0740342466629691,0.0142399305477738,-0.0342708006501197,-0.0933984592556953,-0.1406571032441539,-2407323664384.0,0.01,0.01,0.01,0.01,0.01,0.01,0.01,1.0,1.0,1.0,1.0,1.0,1.0,1.0,0.01,0.01,0.014239931,0.01,0.01,0.01,0.01,0.36432716,0.050180573,0.052113287,0.01,0.021853628,0.022529688,0.34226692,-0.2266269054117959,0.6112702555841852
2.36,-667854528.0,-0.004844287144601,0.044497724622488,-0.0309444181621074,-0.0984964743256568,-0.1820358774043721,-2407323664384.0,0.01,0.01,0.01,0.01,0.01,0.01,0.01,1.0,1.0,1.0,1.0,1.0,1.0,1.0,0.01,0.01,0.044497725,0.01,0.01,0.01,0.01,0.36432716,0.045786735,0.050743084,0.01,0.02064519,0.0212501,0.34226692,-0.2211315120178112,0.509141559473571
2.37,-667854528.0,0.0653387521589715,0.0653242766857147,-0.0312680900096893,-0.0988623797893524,-0.2490739382844294,-2407323664384.0,0.01,0.01,0.01,0.01,0.01,0.01,0.01,1.0,1.0,1.0,1.0,1.0,1.0,1.0,0.01,0.06533875,0.06532428,0.01,0.01,0.01,0.01,0.36432716,0.05205408,0.059939034,0.01,0.01956635,0.020108176,0.34226692,-0.2164829487365647,0.434505320391344
2.38,-667854528.0,0.1088700494701264,0.0428246408700943,-0.0336367152631282,-0.0971662104129791,-0.331873112539031,-2407323664384.0,0.01,0.01,0.01,0.01,0.01,0.01,0.01,1.0,1.0,1.0,1.0,1.0,1.0,1.0,0.01,0.10887005,0.04282464,0.01,0.01,0.01,0.01,0.36432716,0.07844881,0.05921318,0.01,0.01860102,0.019086746,0.34226692,-0.2126870037659837,0.3254029847514413
2.39,-667854528.0,0.1600411707426125,0.0549729391932487,-0.0370979271829128,-0.0939173623919487,-0.3969914317131042,-2407323664384.0,0.01,0.01,0.01,0.01,0.01,0.01,0.01,1.0,1.0,1.0,1.0,1.0,1.0,1.0,0.01,0.16004117,0.05497294,0.01,0.01,0.01,0.01,0.36432716,0.11832665,0.058560617,0.01,0.017735576,0.01817128,0.34226692,-0.2103900805781598,0.1373287618083625
2.4,-667854528.0,0.185137783502817,0.0554750226438045,-0.0435548238456249,-0.0868377834558487,-0.38936647772789,-2407323664384.0,0.01,0.01,0.01,0.01,0.01,0.01,0.01,1.0,1.0,1.0,1.0,1.0,1.0,1.0,0.01,0.18513778,0.055475023,0.01,0.01,0.01,0.01,0.36432716,0.15374182,0.05820929,0.01,0.016958158,0.017349148,0.34226692,-0.2105698073905512,-0.1541121289988794
2.41,-667854528.0,0.1917978127290469,0.0439985953271389,-0.05380829423666,-0.0734800845384597,-0.3757345974445343,-2407323664384.0,0.01,0.01,0.01,0.01,0.01,0.01,0.01,1.0,1.0,1.0,1.0,1.0,1.0,1.0,0.01,0.19179781,0.043998595,0.01,0.01,0.01,0.01,0.36432716,0.17837739,0.05678001,0.01,0.016259842,0.01661084,0.34226692,-0.2141678333647769,-0.5210737283536817
