time,SUP,ECRL,ECRB,ECU,FCR,FCU,PQ,SUP_min,ECRL_min,ECRB_min,ECU_min,FCR_min,FCU_min,PQ_min,SUP_max,ECRL_max,ECRB_max,ECU_max,FCR_max,FCU_max,PQ_max,SUP_exc,ECRL_exc,ECRB_exc,ECU_exc,FCR_exc,FCU_exc,PQ_exc,SUP_act,ECRL_act,ECRB_act,ECU_act,FCR_act,FCU_act,PQ_act,wrist_hand_r3_pos,wrist_hand_r3_vel
0.01,-644789248.0,0.176262616357636,0.0580815561115741,-0.0312968529760837,-0.1087985187768936,-0.4078769385814667,-2037446344704.0,0.01,0.01,0.01,0.01,0.01,0.01,0.01,1.0,1.0,1.0,1.0,1.0,1.0,1.0,0.01,0.17626262,0.058081556,0.01,0.01,0.01,0.01,0.39271414,0.12911004,0.06786102,0.010021243,0.013481965,0.017262816,0.49705562,-0.1821429469793984,-0.0743830148333008
0.02,-644789248.0,0.1753254749786436,0.0560709685087204,-0.0414351820945739,-0.0944330468773841,-0.3940998017787933,-2037446344704.0,0.01,0.01,0.01,0.01,0.01,0.01,0.01,1.0,1.0,1.0,1.0,1.0,1.0,1.0,0.01,0.17532547,0.05607097,0.01,0.01,0.01,0.01,0.39271414,0.15486899,0.06654557,0.0100191515,0.01313589,0.016533783,0.49705562,-0.1847254548079042,-0.4111156253862058
0.03,-644789248.0,0.1911320356831298,0.044826116412878,-0.0535660572350025,-0.0771192237734794,-0.3779592514038086,-2037446344704.0,0.01,0.01,0.01,0.01,0.01,0.01,0.01,1.0,1.0,1.0,1.0,1.0,1.0,1.0,0.01,0.19113204,0.044826116,0.01,0.01,0.01,0.01,0.39271414,0.17854337,0.06428642,0.010017264,0.012824216,0.015878577,0.49705562,-0.1908656186397895,-0.7602718675003771
0.04,-644789248.0,0.171227251551686,0.0232603698968887,-0.0784579738974571,-0.0510792843997478,-0.3516874015331268,-2037446344704.0,0.01,0.01,0.01,0.01,0.01,0.01,0.01,1.0,1.0,1.0,1.0,1.0,1.0,1.0,0.01,0.17122725,0.02326037,0.01,0.01,0.01,0.01,0.39271414,0.18382807,0.060056977,0.010015562,0.01254375,0.015290085,0.49705562,-0.2001701699524903,-1.0447236249348095
0.05,-644789248.0,0.1497644586814154,-0.0055143535137176,-0.107475534081459,0.0044295489788055,-0.2932758927345276,-2037446344704.0,0.01,0.01,0.01,0.01,0.01,0.01,0.01,1.0,1.0,1.0,1.0,1.0,1.0,1.0,0.01,0.14976446,0.01,0.01,0.01,0.01,0.01,0.39271414,0.1809949,0.054715354,0.010014028,0.012291324,0.01476132,0.49705562,-0.2118327112915806,-1.2451744070025317
0.06,-644789248.0,0.1214497320358162,-0.0346474982798099,-0.1324767172336578,0.0419030785560607,-0.2519310414791107,-2037446344704.0,0.01,0.01,0.01,0.01,0.01,0.01,0.01,1.0,1.0,1.0,1.0,1.0,1.0,1.0,0.01,0.12144973,0.01,0.01,0.04190308,0.01,0.01,0.39271414,0.17416221,0.049802963,0.010012648,0.032967024,0.014287224,0.49705562,-0.2248661261399763,-1.3168038676759777
0.07,-644789248.0,0.0970710202663018,-0.0631026178598404,-0.1485558152198791,-0.0852875784039497,-0.2378868907690048,-2037446344704.0,0.01,0.01,0.01,0.01,0.01,0.01,0.01,1.0,1.0,1.0,1.0,1.0,1.0,1.0,0.01,0.09707102,0.01,0.01,0.01,0.01,0.01,0.39271414,0.16444924,0.04547802,0.010011404,0.03192309,0.0138606895,0.49705562,-0.2371921594162639,-1.1255225935592206
0.08,-644789248.0,0.0870975651332899,-0.0815440714359283,-0.1420673578977584,-0.0338235273957252,-0.2354891347560981,-2037446344704.0,0.01,0.01,0.01,0.01,0.01,0.01,0.01,1.0,1.0,1.0,1.0,1.0,1.0,1.0,0.01,0.08709756,0.01,0.01,0.01,0.01,0.01,0.39271414,0.15420897,0.0416598,0.010010282,0.029640269,0.0134768,0.49705562,-0.2464509753051577,-0.7540992463989675
0.09,-644789248.0,0.0734242099316762,-0.0813739299774169,-0.1328904628753662,0.0180924348533153,-0.1912300652005155,-2037446344704.0,0.01,0.01,0.01,0.01,0.01,0.01,0.01,1.0,1.0,1.0,1.0,1.0,1.0,1.0,0.01,0.07342421,0.01,0.01,0.018092435,0.01,0.01,0.39271414,0.14445849,0.038277533,0.010009268,0.028283298,0.013130895,0.49705562,-0.2518145119037924,-0.3866290816892467
0.1,-644789248.0,0.0326769184628077,-0.0659553259611129,-0.1190042644739151,0.0173458904027938,-0.149896867452366,-2037446344704.0,0.01,0.01,0.01,0.01,0.01,0.01,0.01,1.0,1.0,1.0,1.0,1.0,1.0,1.0,0.01,0.03267692,0.01,0.01,0.01734589,0.01,0.01,0.39271414,0.13216121,0.035284884,0.010008356,0.027162509,0.012820008,0.49705562,-0.254110946145092,-0.1246763567132523
0.1100000000000001,-644789248.0,-0.0250102625318644,-0.0457416921854019,-0.1026248484849929,-0.0005382895469665,-0.0942553253121986,-2037446344704.0,0.01,0.01,0.01,0.01,0.01,0.01,0.01,1.0,1.0,1.0,1.0,1.0,1.0,1.0,0.01,0.01,0.01,0.01,0.01,0.01,0.01,0.39271414,0.116918385,0.03262851,0.010007532,0.025488075,0.012540222,0.49705562,-0.2544076597749028,0.0300910808241194
0.1200000000000001,-644789248.0,-0.1018966828306703,-0.0269488617777824,-0.0891547501087188,-0.0115511007606983,-0.022491746948337,-2037446344704.0,0.01,0.01,0.01,0.01,0.01,0.01,0.01,1.0,1.0,1.0,1.0,1.0,1.0,1.0,0.01,0.01,0.01,0.01,0.01,0.01,0.01,0.39271414,0.10347422,0.030266762,0.010006791,0.023900269,0.01228838,0.49705562,-0.2536407467086998,0.1039595966252258
0.1299999999999999,-644789248.0,-0.1233575046062469,-0.014017229899764,-0.0797191858291626,-0.0214144624769687,0.0562981046994596,-2037446344704.0,0.01,0.01,0.01,0.01,0.01,0.01,0.01,1.0,1.0,1.0,1.0,1.0,1.0,1.0,0.01,0.01,0.01,0.01,0.01,0.056298103,0.01,0.39271414,0.092040926,0.02816496,0.010006122,0.022481669,0.032058217,0.49705562,-0.2523796285493499,0.1431803729599691
0.1399999999999999,-644789248.0,-0.1178896874189376,-0.0052727479487657,-0.0748452842235565,-0.0291701816022396,-0.0343439329633192,-2037446344704.0,0.01,0.01,0.01,0.01,0.01,0.01,0.01,1.0,1.0,1.0,1.0,1.0,1.0,1.0,0.01,0.01,0.01,0.01,0.01,0.01,0.01,0.39271414,0.082247496,0.026291976,0.01000552,0.021213071,0.032859948,0.49705562,-0.2504537780572862,0.2472309616113785
0.1499999999999999,-644789248.0,-0.1161215379834175,0.0059770978987216,-0.0701804012060165,-0.0367161445319652,0.001355003980805,-2037446344704.0,0.01,0.01,0.01,0.01,0.01,0.01,0.01,1.0,1.0,1.0,1.0,1.0,1.0,1.0,0.01,0.01,0.01,0.01,0.01,0.01,0.01,0.39271414,0.07378708,0.024617873,0.010004976,0.020075684,0.030509634,0.49705562,-0.2470330837547408,0.4209105437365835
0.1599999999999999,-644789248.0,-0.1139558851718902,0.0243054516613483,-0.0614550411701202,-0.0463474206626415,-0.0109063453560611,-2037446344704.0,0.01,0.01,0.01,0.01,0.01,0.01,0.01,1.0,1.0,1.0,1.0,1.0,1.0,1.0,0.01,0.01,0.024305452,0.01,0.01,0.01,0.01,0.39271414,0.0664046,0.02428955,0.010004483,0.019051224,0.028367719,0.49705562,-0.2416550647138522,0.6097255115017173
0.1699999999999999,-644789248.0,-0.1092405915260315,0.0396416932344436,-0.0525517389178276,-0.0605166554450988,-0.0500742580230745,-2037446344704.0,0.01,0.01,0.01,0.01,0.01,0.01,0.01,1.0,1.0,1.0,1.0,1.0,1.0,1.0,0.01,0.01,0.039641693,0.01,0.01,0.01,0.01,0.39271414,0.060019955,0.03446822,0.010004042,0.018137505,0.026468838,0.49705562,-0.234566603929887,0.7727973947136172
0.1799999999999999,-644789248.0,-0.105679415166378,0.0047080470249056,-0.0396938771009445,-0.0819408744573593,-0.0943203284259671,-2037446344704.0,0.01,0.01,0.01,0.01,0.01,0.01,0.01,1.0,1.0,1.0,1.0,1.0,1.0,1.0,0.01,0.01,0.01,0.01,0.01,0.01,0.01,0.39271414,0.054444343,0.033162747,0.010003643,0.017318523,0.024775606,0.49705562,-0.2263611429890061,0.8433682056950933
0.1899999999999999,-644789248.0,-0.1045434027910232,0.0472265779972076,-0.0239970684051513,-0.1026651561260223,-0.130630570325302,-2037446344704.0,0.01,0.01,0.01,0.01,0.01,0.01,0.01,1.0,1.0,1.0,1.0,1.0,1.0,1.0,0.01,0.01,0.047226578,0.01,0.01,0.01,0.01,0.39271414,0.049553696,0.04240793,0.010003285,0.016583532,0.023262972,0.49705562,-0.2178692911152924,0.8445439158604351
0.1999999999999999,-644789248.0,-0.0900379849377421,0.0322665832936763,-0.0123539604246616,-0.1182937771081924,-0.1527084305167662,-2037446344704.0,0.01,0.01,0.01,0.01,0.01,0.01,0.01,1.0,1.0,1.0,1.0,1.0,1.0,1.0,0.01,0.01,0.032266583,0.01,0.01,0.01,0.01,0.39271414,0.045250893,0.042285737,0.010002961,0.01592362,0.021910418,0.49705562,-0.2097380150835013,0.7811534162648076
0.2099999999999999,-644789248.0,-0.0262579569884504,0.068976029753685,-0.0102972909808158,-0.1268161386251449,-0.1842564068905429,-2037446344704.0,0.01,0.01,0.01,0.01,0.01,0.01,0.01,1.0,1.0,1.0,1.0,1.0,1.0,1.0,0.01,0.01,0.06897603,0.01,0.01,0.01,0.01,0.39271414,0.041454673,0.06032583,0.010002669,0.015330802,0.020699836,0.49705562,-0.2024399025210853,0.6853182287061157
0.2199999999999999,-644789248.0,0.0351820564005027,0.0360153652727603,-0.0125741884112358,-0.128754436969757,-0.2417904664818132,-2037446344704.0,0.01,0.01,0.01,0.01,0.01,0.01,0.01,1.0,1.0,1.0,1.0,1.0,1.0,1.0,0.01,0.035182055,0.036015365,0.01,0.01,0.01,0.01,0.39271414,0.038911555,0.059946362,0.010002405,0.0147969965,0.01961329,0.49705562,-0.1964021321471108,0.5403851996695757
0.2299999999999999,-644789248.0,0.0966677665434478,0.0594207756221294,-0.0179726555943489,-0.1250127851963043,-0.3137756544235913,-2037446344704.0,0.01,0.01,0.01,0.01,0.01,0.01,0.01,1.0,1.0,1.0,1.0,1.0,1.0,1.0,0.01,0.09666777,0.059420776,0.01,0.01,0.01,0.01,0.39271414,0.0664326,0.059471287,0.010002169,0.014318907,0.018643126,0.49705562,-0.1919199160057733,0.3715601999630512
0.24,-644789248.0,0.1093861861473821,0.0719065219163894,-0.0249492824077606,-0.1173320412635803,-0.3946132014920649,-2037446344704.0,0.01,0.01,0.01,0.01,0.01,0.01,0.01,1.0,1.0,1.0,1.0,1.0,1.0,1.0,0.01,0.10938618,0.07190652,0.01,0.01,0.01,0.01,0.39271414,0.084664434,0.06762875,0.010001956,0.013889584,0.017774252,0.49705562,-0.1893100140920005,0.159354397071185
0.25,-644789248.0,0.1824830408527321,0.0552654601633548,-0.0337923094630241,-0.1060128360986709,-0.4054189026355743,-2037446344704.0,0.01,0.01,0.01,0.01,0.01,0.01,0.01,1.0,1.0,1.0,1.0,1.0,1.0,1.0,0.01,0.18248305,0.05526546,0.01,0.01,0.01,0.01,0.39271414,0.13490161,0.06682732,0.010001764,0.013503154,0.016994027,0.49705562,-0.1891557561425958,-0.1150277001594412
0.26,-644789248.0,0.1737633140151246,0.0524767339229583,-0.0447558984160423,-0.0902202427387237,-0.3901646137237549,-2037446344704.0,0.01,0.01,0.01,0.01,0.01,0.01,0.01,1.0,1.0,1.0,1.0,1.0,1.0,1.0,0.01,0.17376332,0.052476734,0.01,0.01,0.01,0.01,0.39271414,0.15721744,0.0652364,0.01000159,0.0131549435,0.016292445,0.49705562,-0.1922327676018994,-0.4654153020363973
0.27,-644789248.0,0.1903567577868229,0.0397625677287578,-0.0574148446321487,-0.0722878873348236,-0.3731667101383209,-2037446344704.0,0.01,0.01,0.01,0.01,0.01,0.01,0.01,1.0,1.0,1.0,1.0,1.0,1.0,1.0,0.01,0.19035676,0.039762568,0.01,0.01,0.01,0.01,0.39271414,0.17940742,0.06255771,0.010001433,0.012841572,0.015662273,0.49705562,-0.1988827313209063,-0.8101283079661551
0.28,-644789248.0,0.1671402590758081,0.0168895311653614,-0.0845850557088851,-0.0427481159567832,-0.3435278236865997,-2037446344704.0,0.01,0.01,0.01,0.01,0.01,0.01,0.01,1.0,1.0,1.0,1.0,1.0,1.0,1.0,0.01,0.16714026,0.016889531,0.01,0.01,0.01,0.01,0.39271414,0.18258668,0.05779828,0.010001292,0.01255956,0.015096142,0.49705562,-0.2085722234139026,-1.0772953883201442
0.29,-644789248.0,0.1446260944952401,-0.011693051084876,-0.1132852435111999,0.0142976567149162,-0.2829996943473816,-2037446344704.0,0.01,0.01,0.01,0.01,0.01,0.01,0.01,1.0,1.0,1.0,1.0,1.0,1.0,1.0,0.01,0.1446261,0.01,0.01,0.014297657,0.01,0.01,0.39271414,0.17912868,0.05260678,0.010001165,0.013756895,0.014587369,0.49705562,-0.2204170803366943,-1.251187806905515
0.3,-644789248.0,0.1159682221611179,-0.0413256138563156,-0.1366195976734161,0.017391100525856,-0.2474751472473144,-2037446344704.0,0.01,0.01,0.01,0.01,0.01,0.01,0.01,1.0,1.0,1.0,1.0,1.0,1.0,1.0,0.01,0.11596822,0.01,0.01,0.0173911,0.01,0.01,0.39271414,0.17191091,0.047939155,0.01000105,0.016309414,0.01413,0.49705562,-0.2333425794721269,-1.303373941974566
0.31,-644789248.0,0.0931961621880864,-0.0692624002695083,-0.1500676721334457,0.0104424096643924,-0.2359677106142044,-2037446344704.0,0.01,0.01,0.01,0.01,0.01,0.01,0.01,1.0,1.0,1.0,1.0,1.0,1.0,1.0,0.01,0.09319616,0.01,0.01,0.01044241,0.01,0.01,0.39271414,0.16202213,0.04382837,0.010000947,0.01599426,0.013718725,0.49705562,-0.2460113764051962,-1.224675275346481
0.32,-644789248.0,0.082929588019399,-0.0896274447441101,-0.1481992900371551,0.0633141249418258,-0.2071421066170444,-2037446344704.0,0.01,0.01,0.01,0.01,0.01,0.01,0.01,1.0,1.0,1.0,1.0,1.0,1.0,1.0,0.01,0.08292959,0.01,0.01,0.063314125,0.01,0.01,0.39271414,0.15149425,0.04020555,0.010000854,0.04925584,0.013349402,0.49705562,-0.2573657772462153,-1.028983072761414
0.33,-644789248.0,0.0516581041517181,-0.0991350635886192,-0.1543338745832443,-0.0926438421010971,-0.1482934771360508,-2037446344704.0,0.01,0.01,0.01,0.01,0.01,0.01,0.01,1.0,1.0,1.0,1.0,1.0,1.0,1.0,0.01,0.051658105,0.01,0.01,0.01,0.01,0.01,0.39271414,0.13981707,0.036998738,0.01000077,0.04701236,0.013017075,0.49705562,-0.26546221930344,-0.600379949669383
0.3400000000000001,-644789248.0,-0.0001338862949557,-0.0915655344724655,-0.1410419642925262,-0.03720024228096,-0.1041790128602817,-2037446344704.0,0.01,0.01,0.01,0.01,0.01,0.01,0.01,1.0,1.0,1.0,1.0,1.0,1.0,1.0,0.01,0.01,0.01,0.01,0.01,0.01,0.01,0.39271414,0.12502033,0.03414794,0.010000694,0.043008465,0.012717356,0.49705562,-0.2685218603755305,-0.0860140092219255
0.3500000000000001,-644789248.0,-0.0587378123280336,-0.0658973902463913,-0.1149659603834152,-0.0203781649470329,-0.0580889035555826,-2037446344704.0,0.01,0.01,0.01,0.01,0.01,0.01,0.01,1.0,1.0,1.0,1.0,1.0,1.0,1.0,0.01,0.01,0.01,0.01,0.01,0.01,0.01,0.39271414,0.11035635,0.031621788,0.010000626,0.0394802,0.01244818,0.49705562,-0.2669045090545358,0.3408998593621363
0.3600000000000001,-644789248.0,-0.1323451548606853,-0.0334818474948406,-0.0885682851076126,-0.0208279434591531,0.0046959980078166,-2037446344704.0,0.01,0.01,0.01,0.01,0.01,0.01,0.01,1.0,1.0,1.0,1.0,1.0,1.0,1.0,0.01,0.01,0.01,0.01,0.01,0.01,0.01,0.39271414,0.09793848,0.029375734,0.010000564,0.0363583,0.0122060105,0.49705562,-0.2620296441515428,0.5788368216285794
0.3700000000000001,-644789248.0,-0.115479752421379,-0.0073660407215356,-0.0705135613679885,-0.0314536020159721,0.0645466255666717,-2037446344704.0,0.01,0.01,0.01,0.01,0.01,0.01,0.01,1.0,1.0,1.0,1.0,1.0,1.0,1.0,0.01,0.01,0.01,0.01,0.01,0.06454662,0.01,0.39271414,0.08732784,0.027374204,0.010000508,0.03358811,0.03948493,0.49705562,-0.2557950698002468,0.6459665490774629
0.3799999999999999,-644789248.0,-0.0969630479812622,0.0293103754520416,-0.0506082586944103,-0.0429531745612621,-0.0877268328064381,-2037446344704.0,0.01,0.01,0.01,0.01,0.01,0.01,0.01,1.0,1.0,1.0,1.0,1.0,1.0,1.0,0.01,0.01,0.029310375,0.01,0.01,0.01,0.01,0.39271414,0.07817747,0.028674431,0.010000459,0.03112051,0.039326135,0.49705562,-0.2490260992456336,0.7075693426173858
0.3899999999999999,-644789248.0,-0.0906695872545242,0.0376058891415596,-0.0339000076055526,-0.0585963204503059,-0.0495057960871718,-2037446344704.0,0.01,0.01,0.01,0.01,0.01,0.01,0.01,1.0,1.0,1.0,1.0,1.0,1.0,1.0,0.01,0.01,0.03760589,0.01,0.01,0.01,0.01,0.39271414,0.070230186,0.034771837,0.010000413,0.028916085,0.03620233,0.49705562,-0.2414143437213776,0.7982069167885365
0.3999999999999999,-644789248.0,-0.0905256047844886,0.022437272593379,-0.0310931392014026,-0.0747729986906051,-0.0619052945327078,-2037446344704.0,0.01,0.01,0.01,0.01,0.01,0.01,0.01,1.0,1.0,1.0,1.0,1.0,1.0,1.0,0.01,0.01,0.022437273,0.01,0.01,0.01,0.01,0.39271414,0.06335032,0.03427571,0.010000372,0.026957009,0.03343897,0.49705562,-0.2329953164105006,0.866661964158833
0.4099999999999999,-644789248.0,-0.0928032845258712,0.0672905668616294,-0.0266775004565715,-0.0909028053283691,-0.096863723634842,-2037446344704.0,0.01,0.01,0.01,0.01,0.01,0.01,0.01,1.0,1.0,1.0,1.0,1.0,1.0,1.0,0.01,0.01,0.06729057,0.01,0.01,0.01,0.01,0.39271414,0.05736812,0.056757353,0.010000336,0.025213914,0.03099029,0.49705562,-0.2241730572012868,0.882450381596955
0.4199999999999999,-644789248.0,-0.0964850708842277,0.0157894250005483,-0.0144165270030498,-0.1052157282829284,-0.1315257637038372,-2037446344704.0,0.01,0.01,0.01,0.01,0.01,0.01,0.01,1.0,1.0,1.0,1.0,1.0,1.0,1.0,0.01,0.01,0.015789425,0.01,0.01,0.01,0.01,0.39271414,0.052121423,0.05443655,0.010000302,0.023654975,0.028807964,0.49705562,-0.2157748694281674,0.7913422286480877
0.4299999999999999,-644789248.0,-0.1034253612160682,0.0543403625488281,-0.0113736167550086,-0.1144186705350875,-0.1535520394917099,-2037446344704.0,0.01,0.01,0.01,0.01,0.01,0.01,0.01,1.0,1.0,1.0,1.0,1.0,1.0,1.0,0.01,0.01,0.054340363,0.01,0.01,0.01,0.01,0.39271414,0.047501344,0.054150816,0.010000273,0.022258343,0.026858933,0.49705562,-0.2087244257288781,0.642563913234927
0.4399999999999999,-644789248.0,-0.0647887508662085,0.0800812393426895,-0.0165183842182159,-0.1158891022205352,-0.1628604326812412,-2037446344704.0,0.01,0.01,0.01,0.01,0.01,0.01,0.01,1.0,1.0,1.0,1.0,1.0,1.0,1.0,0.01,0.01,0.08008124,0.01,0.01,0.01,0.01,0.39271414,0.043430485,0.07161147,0.010000246,0.0210084,0.025119547,0.49705562,-0.2031125794971148,0.5049205207298452
0.4499999999999999,-644789248.0,-0.0063908241769449,0.0475217178463935,-0.0228177309036254,-0.1122507825493812,-0.1982573824016189,-2037446344704.0,0.01,0.01,0.01,0.01,0.01,0.01,0.01,1.0,1.0,1.0,1.0,1.0,1.0,1.0,0.01,0.01,0.047521718,0.01,0.01,0.01,0.01,0.39271414,0.039821807,0.07159266,0.010000221,0.01988532,0.023560554,0.49705562,-0.1989736247723302,0.3582381668693414
0.4599999999999999,-644789248.0,0.0562888285769016,0.0620559975504875,-0.0297508276998996,-0.1053403168916702,-0.2562137110859286,-2037446344704.0,0.01,0.01,0.01,0.01,0.01,0.01,0.01,1.0,1.0,1.0,1.0,1.0,1.0,1.0,0.01,0.056288827,0.062055998,0.01,0.01,0.01,0.01,0.39271414,0.044790547,0.07014324,0.0100002,0.018884407,0.022174459,0.49705562,-0.1961691581704568,0.2309332169983831
0.47,-644789248.0,0.0998982911087836,0.0695682913064956,-0.0359941646456718,-0.0974528044462204,-0.3293802561091959,-2037446344704.0,0.01,0.01,0.01,0.01,0.01,0.01,0.01,1.0,1.0,1.0,1.0,1.0,1.0,1.0,0.01,0.09989829,0.06956829,0.01,0.01,0.01,0.01,0.39271414,0.07061473,0.06995865,0.01000018,0.017989734,0.020938065,0.49705562,-0.1944196464198734,0.1313313858062422
0.48,-644789248.0,0.1381606418195743,0.0674860626459121,-0.0414239168167114,-0.0898206457495689,-0.3910939693450928,-2037446344704.0,0.01,0.01,0.01,0.01,0.01,0.01,0.01,1.0,1.0,1.0,1.0,1.0,1.0,1.0,0.01,0.13816065,0.06748606,0.01,0.01,0.01,0.01,0.39271414,0.10341958,0.06972466,0.010000163,0.017185615,0.019828787,0.49705562,-0.1937591654428452,0.007433678268683
0.49,-644789248.0,0.1721031119418022,0.061586394906044,-0.0470157638192176,-0.081730306148529,-0.3827258944511413,-2037446344704.0,0.01,0.01,0.01,0.01,0.01,0.01,0.01,1.0,1.0,1.0,1.0,1.0,1.0,1.0,0.01,0.1721031,0.061586395,0.01,0.01,0.01,0.01,0.39271414,0.13946813,0.06888026,0.010000146,0.016464455,0.018835576,0.49705562,-0.1947373428090187,-0.1928173205035511
0.5,-644789248.0,0.178905148550312,0.0520225316286087,-0.0541371777653694,-0.0729487985372543,-0.3744063973426819,-2037446344704.0,0.01,0.01,0.01,0.01,0.01,0.01,0.01,1.0,1.0,1.0,1.0,1.0,1.0,1.0,0.01,0.17890514,0.05202253,0.01,0.01,0.01,0.01,0.39271414,0.16410336,0.06709671,0.010000132,0.015816888,0.017945016,0.49705562,-0.1981821019284657,-0.4702242601800449
0.51,-644789248.0,0.1761269853816193,0.0379345156252384,-0.0674773082137107,-0.0594301484525203,-0.3606332838535309,-2037446344704.0,0.01,0.01,0.01,0.01,0.01,0.01,0.01,1.0,1.0,1.0,1.0,1.0,1.0,1.0,0.01,0.17612699,0.037934516,0.01,0.01,0.01,0.01,0.39271414,0.17646922,0.064066425,0.010000119,0.015234324,0.017144887,0.49705562,-0.2045652770870784,-0.7556861500798092
0.52,-644789248.0,0.1588643910541812,0.0164955891668796,-0.0898044034838676,-0.0284009538590908,-0.3288480937480926,-2037446344704.0,0.01,0.01,0.01,0.01,0.01,0.01,0.01,1.0,1.0,1.0,1.0,1.0,1.0,1.0,0.01,0.1588644,0.01649559,0.01,0.01,0.01,0.01,0.39271414,0.17728178,0.059121836,0.010000107,0.014710998,0.016426964,0.49705562,-0.2134816337793005,-0.9796482226818102
0.53,-644789248.0,0.1343888225193281,-0.0091720130294561,-0.1127563565969467,0.0167794227600097,-0.2813326120376587,-2037446344704.0,0.01,0.01,0.01,0.01,0.01,0.01,0.01,1.0,1.0,1.0,1.0,1.0,1.0,1.0,0.01,0.13438882,0.01,0.01,0.016779423,0.01,0.01,0.39271414,0.1730927,0.053779937,0.010000097,0.016090676,0.01578274,0.49705562,-0.2241624989382829,-1.1190275243958487
0.54,-644789248.0,0.109493295929879,-0.0349259227514267,-0.1311810165643692,0.0070371516048908,-0.2554969191551208,-2037446344704.0,0.01,0.01,0.01,0.01,0.01,0.01,0.01,1.0,1.0,1.0,1.0,1.0,1.0,1.0,0.01,0.10949329,0.01,0.01,0.01,0.01,0.01,0.39271414,0.16559738,0.04897061,0.010000087,0.015688436,0.015204382,0.49705562,-0.2355935908293736,-1.146827052768549
0.55,-644789248.0,0.0931625578832235,-0.0583990365266799,-0.1314539760351181,0.0510901883244514,-0.2457950020900474,-2037446344704.0,0.01,0.01,0.01,0.01,0.01,0.01,0.01,1.0,1.0,1.0,1.0,1.0,1.0,1.0,0.01,0.09316256,0.01,0.01,0.05109019,0.01,0.01,0.39271414,0.15624544,0.044745535,0.010000079,0.040525913,0.014685472,0.49705562,-0.2466867636549762,-1.0483055131828412
0.56,-644789248.0,0.0742494653725553,-0.0752772539854049,-0.1397763639688491,-0.079099491238594,-0.1754151658936016,-2037446344704.0,0.01,0.01,0.01,0.01,0.01,0.01,0.01,1.0,1.0,1.0,1.0,1.0,1.0,1.0,0.01,0.07424947,0.01,0.01,0.01,0.01,0.01,0.39271414,0.1463216,0.041015893,0.010000071,0.03885491,0.014218911,0.49705562,-0.2555648226694567,-0.7270335491778995
0.5700000000000001,-644789248.0,0.0262754427449331,-0.0782842561602592,-0.1385438144207,-0.0343462489545345,-0.1244458258243534,-2037446344704.0,0.01,0.01,0.01,0.01,0.01,0.01,0.01,1.0,1.0,1.0,1.0,1.0,1.0,1.0,0.01,0.026275443,0.01,0.01,0.01,0.01,0.01,0.39271414,0.13310838,0.037710626,0.010000064,0.03579603,0.013798689,0.49705562,-0.2604379333340398,-0.2990835958442079
0.5800000000000001,-644789248.0,-0.0320073380694438,-0.0640478879213333,-0.1204888224601745,-0.0120802577584981,-0.0763484502351459,-2037446344704.0,0.01,0.01,0.01,0.01,0.01,0.01,0.01,1.0,1.0,1.0,1.0,1.0,1.0,1.0,0.01,0.01,0.01,0.01,0.01,0.01,0.01,0.39271414,0.11740383,0.034783088,0.0100000575,0.033083513,0.013420952,0.49705562,-0.2611888939957238,0.085598862524526
0.5900000000000001,-644789248.0,-0.102483647085251,-0.0398057885468006,-0.0981945693492889,-0.0089621040970087,-0.0163974378864886,-2037446344704.0,0.01,0.01,0.01,0.01,0.01,0.01,0.01,1.0,1.0,1.0,1.0,1.0,1.0,1.0,0.01,0.01,0.01,0.01,0.01,0.01,0.01,0.39271414,0.103919365,0.032187387,0.010000052,0.030675923,0.013081564,0.49705562,-0.2588568975560184,0.3310754579541765
0.6000000000000001,-644789248.0,-0.1264548897743225,-0.0159929245710372,-0.0787311494350433,-0.0204239636659622,0.0538183821168619,-2037446344704.0,0.01,0.01,0.01,0.01,0.01,0.01,0.01,1.0,1.0,1.0,1.0,1.0,1.0,1.0,0.01,0.01,0.01,0.01,0.01,0.053818382,0.01,0.39271414,0.09244219,0.029878521,0.010000046,0.028532397,0.030897526,0.49705562,-0.2549111518092264,0.4290207422604691
0.6100000000000001,-644789248.0,-0.1110419109463691,0.0036221295595169,-0.067665509879589,-0.0331063494086265,-0.0350583433839775,-2037446344704.0,0.01,0.01,0.01,0.01,0.01,0.01,0.01,1.0,1.0,1.0,1.0,1.0,1.0,1.0,0.01,0.01,0.01,0.01,0.01,0.01,0.01,0.39271414,0.082542844,0.027811958,0.010000043,0.0266123,0.031829175,0.49705562,-0.2502795718582268,0.4895353257725004
0.6200000000000001,-644789248.0,-0.1019225120544433,0.0314946956932544,-0.0549197420477867,-0.0436658598482608,-0.0072329897412432,-2037446344704.0,0.01,0.01,0.01,0.01,0.01,0.01,0.01,1.0,1.0,1.0,1.0,1.0,1.0,1.0,0.01,0.01,0.031494696,0.01,0.01,0.01,0.01,0.39271414,0.07397247,0.030109053,0.010000038,0.024892816,0.029539574,0.49705562,-0.2448635765429613,0.5760735633881104
0.6299999999999999,-644789248.0,-0.0998513847589492,0.0235191583633422,-0.0454825423657894,-0.0550826899707317,-0.0210655882172916,-2037446344704.0,0.01,0.01,0.01,0.01,0.01,0.01,0.01,1.0,1.0,1.0,1.0,1.0,1.0,1.0,0.01,0.01,0.023519158,0.01,0.01,0.01,0.01,0.39271414,0.06655659,0.029974286,0.010000034,0.023358095,0.027501954,0.49705562,-0.2385209271291217,0.668755908853024
0.6399999999999999,-644789248.0,-0.1008282899856567,0.0483956560492515,-0.0309171602129936,-0.0710042938590049,-0.0594098160795045,-2037446344704.0,0.01,0.01,0.01,0.01,0.01,0.01,0.01,1.0,1.0,1.0,1.0,1.0,1.0,1.0,0.01,0.01,0.048395656,0.01,0.01,0.01,0.01,0.39271414,0.06015856,0.042269956,0.0100000305,0.021995613,0.025697943,0.49705562,-0.2313834762700533,0.740747628548637
0.6499999999999999,-644789248.0,-0.1031005308032035,0.0120111145079135,-0.0320712924003601,-0.0864819437265396,-0.1007116169383775,-2037446344704.0,0.01,0.01,0.01,0.01,0.01,0.01,0.01,1.0,1.0,1.0,1.0,1.0,1.0,1.0,0.01,0.01,0.0120111145,0.01,0.01,0.01,0.01,0.39271414,0.05456623,0.040500514,0.010000028,0.02077636,0.024087245,0.49705562,-0.2239114830397543,0.7414425846362322
0.6599999999999999,-644789248.0,-0.1067450419068336,0.0499928705394268,-0.0229857489466667,-0.0996807962656021,-0.1322957740443797,-2037446344704.0,0.01,0.01,0.01,0.01,0.01,0.01,0.01,1.0,1.0,1.0,1.0,1.0,1.0,1.0,0.01,0.01,0.04999287,0.01,0.01,0.01,0.01,0.39271414,0.049661223,0.04661688,0.010000025,0.019684456,0.022647716,0.49705562,-0.2167209609073802,0.6976861269991872
0.6699999999999999,-644789248.0,-0.079173142306974,0.0454166308045387,-0.0192639045417308,-0.1083365231752395,-0.148891493096044,-2037446344704.0,0.01,0.01,0.01,0.01,0.01,0.01,0.01,1.0,1.0,1.0,1.0,1.0,1.0,1.0,0.01,0.01,0.04541663,0.01,0.01,0.01,0.01,0.39271414,0.045315072,0.04742198,0.010000022,0.018699853,0.021351889,0.49705562,-0.2101693987660879,0.6269430622705496
0.6799999999999999,-644789248.0,-0.015684344016355,0.066137820482254,-0.0202129893004894,-0.1122228503227233,-0.1856515617237523,-2037446344704.0,0.01,0.01,0.01,0.01,0.01,0.01,0.01,1.0,1.0,1.0,1.0,1.0,1.0,1.0,0.01,0.01,0.06613782,0.01,0.01,0.01,0.01,0.39271414,0.041511472,0.059554704,0.01000002,0.017822914,0.020199768,0.49705562,-0.2043301382697556,0.549690550109152
0.69,-644789248.0,0.0500360682379377,0.0435010232031345,-0.0221448875963687,-0.1128876581788063,-0.2476419985133272,-2037446344704.0,0.01,0.01,0.01,0.01,0.01,0.01,0.01,1.0,1.0,1.0,1.0,1.0,1.0,1.0,0.01,0.05003607,0.043501023,0.01,0.01,0.01,0.01,0.39271414,0.04261688,0.05987736,0.010000018,0.017032603,0.019162918,0.49705562,-0.1994143478076546,0.4515066556752316
0.7,-644789248.0,0.0988300012620044,0.0599816143512725,-0.0258775688707828,-0.1104699671268463,-0.3239973245044651,-2037446344704.0,0.01,0.01,0.01,0.01,0.01,0.01,0.01,1.0,1.0,1.0,1.0,1.0,1.0,1.0,0.01,0.09883,0.059981614,0.01,0.01,0.01,0.01,0.39271414,0.06905681,0.05977944,0.010000017,0.016326612,0.018237965,0.49705562,-0.195552312822213,0.3318080069422205
0.71,-644789248.0,0.1327400008278115,0.0677919089794159,-0.0304090417921543,-0.1058998107910156,-0.4069488644599914,-2037446344704.0,0.01,0.01,0.01,0.01,0.01,0.01,0.01,1.0,1.0,1.0,1.0,1.0,1.0,1.0,0.01,0.13274,0.06779191,0.01,0.01,0.01,0.01,0.39271414,0.09963013,0.06486222,0.010000015,0.015693586,0.017409593,0.49705562,-0.1931412589659904,0.1556215292361339
0.72,-644789248.0,0.1801812935932109,0.0560141243040561,-0.0370290763676166,-0.0980952009558677,-0.3990764617919922,-2037446344704.0,0.01,0.01,0.01,0.01,0.01,0.01,0.01,1.0,1.0,1.0,1.0,1.0,1.0,1.0,0.01,0.1801813,0.056014124,0.01,0.01,0.01,0.01,0.39271414,0.14118396,0.06439047,0.010000014,0.015124394,0.01666553,0.49705562,-0.1930226358912087,-0.1149448241416487
0.73,-644789248.0,0.1836299308217172,0.0511892773211002,-0.0468987524509429,-0.0847681984305381,-0.3858358263969421,-2037446344704.0,0.01,0.01,0.01,0.01,0.01,0.01,0.01,1.0,1.0,1.0,1.0,1.0,1.0,1.0,0.01,0.18362993,0.051189277,0.01,0.01,0.01,0.01,0.39271414,0.1667633,0.06296799,0.010000012,0.014612867,0.01599748,0.49705562,-0.1961398785986767,-0.473278286600347
0.74,-644789248.0,0.1854686590147912,0.037423126399517,-0.0594341084361076,-0.068770445883274,-0.3702576160430908,-2037446344704.0,0.01,0.01,0.01,0.01,0.01,0.01,0.01,1.0,1.0,1.0,1.0,1.0,1.0,1.0,0.01,0.18546866,0.037423126,0.01,0.01,0.01,0.01,0.39271414,0.18189412,0.06036426,0.010000011,0.014152605,0.015396889,0.49705562,-0.2029564458585694,-0.8278524944029888
0.75,-644789248.0,0.1656967383585055,0.0141144199296832,-0.0871074050664901,-0.0374686829745769,-0.338980883359909,-2037446344704.0,0.01,0.01,0.01,0.01,0.01,0.01,0.01,1.0,1.0,1.0,1.0,1.0,1.0,1.0,0.01,0.16569674,0.01411442,0.01,0.01,0.01,0.01,0.39271414,0.18336892,0.05558567,0.01000001,0.013739002,0.014857598,0.49705562,-0.2128091869403306,-1.0889818435916483
0.76,-644789248.0,0.1391990563288604,-0.0148408580571413,-0.1158125028014183,0.0207716599106788,-0.2780881524085998,-2037446344704.0,0.01,0.01,0.01,0.01,0.01,0.01,0.01,1.0,1.0,1.0,1.0,1.0,1.0,1.0,0.01,0.13919906,0.01,0.01,0.02077166,0.01,0.01,0.39271414,0.17897297,0.050624203,0.010000009,0.01856713,0.014372972,0.49705562,-0.2246450147080747,-1.2343771744873866
0.77,-644789248.0,0.1111634447959992,-0.044574074447155,-0.1378820240497589,-0.026556484401226,-0.2468740493059158,-2037446344704.0,0.01,0.01,0.01,0.01,0.01,0.01,0.01,1.0,1.0,1.0,1.0,1.0,1.0,1.0,0.01,0.111163445,0.01,0.01,0.01,0.01,0.01,0.39271414,0.17087266,0.04619576,0.010000008,0.018138051,0.013937331,0.49705562,-0.2369808374859591,-1.2110215114580416
0.78,-644789248.0,0.0927215524628703,-0.0698398128151893,-0.1398390531539917,0.0526919513940811,-0.2419923841953277,-2037446344704.0,0.01,0.01,0.01,0.01,0.01,0.01,0.01,1.0,1.0,1.0,1.0,1.0,1.0,1.0,0.01,0.09272155,0.01,0.01,0.05269195,0.01,0.01,0.39271414,0.16075014,0.042297848,0.010000007,0.04215725,0.0135461055,0.49705562,-0.2483602079262156,-1.0494905689956855
0.79,-644789248.0,0.0756059829028765,-0.0847887024283409,-0.1449063122272491,-0.066399797797203,-0.1787950606552677,-2037446344704.0,0.01,0.01,0.01,0.01,0.01,0.01,0.01,1.0,1.0,1.0,1.0,1.0,1.0,1.0,0.01,0.07560598,0.01,0.01,0.01,0.01,0.01,0.39271414,0.15025651,0.03884936,0.010000006,0.04040343,0.013193885,0.49705562,-0.2569778153313294,-0.6855993151059747
0.8,-644789248.0,0.0305905781541506,-0.0835552737116813,-0.1388740986585617,-0.0282443985342979,-0.1300563977855637,-2037446344704.0,0.01,0.01,0.01,0.01,0.01,0.01,0.01,1.0,1.0,1.0,1.0,1.0,1.0,1.0,0.01,0.030590579,0.01,0.01,0.01,0.01,0.01,0.39271414,0.13705999,0.03578878,0.010000006,0.03716575,0.012876403,0.49705562,-0.2612815816080892,-0.2398240471158748
0.81,-644789248.0,-0.0257996134172968,-0.065093994140625,-0.1180774271488189,-0.0070426631718873,-0.0825095384801112,-2037446344704.0,0.01,0.01,0.01,0.01,0.01,0.01,0.01,1.0,1.0,1.0,1.0,1.0,1.0,1.0,0.01,0.01,0.01,0.01,0.01,0.01,0.01,0.39271414,0.12093312,0.033078413,0.010000005,0.034301024,0.012591196,0.49705562,-0.261499343677529,0.1332270476151972
0.8200000000000001,-644789248.0,-0.0949303175071296,-0.0388318598270416,-0.0954710990190506,-0.0073394160717725,-0.0217426796348494,-2037446344704.0,0.01,0.01,0.01,0.01,0.01,0.01,0.01,1.0,1.0,1.0,1.0,1.0,1.0,1.0,0.01,0.01,0.01,0.01,0.01,0.01,0.01,0.39271414,0.106911205,0.030671647,0.010000004,0.031759106,0.012334712,0.49705562,-0.2588326040681075,0.3518875512207148
0.8300000000000001,-644789248.0,-0.1210600435733795,-0.0153966313228011,-0.077541597187519,-0.0201157107949256,0.0496040812548024,-2037446344704.0,0.01,0.01,0.01,0.01,0.01,0.01,0.01,1.0,1.0,1.0,1.0,1.0,1.0,1.0,0.01,0.01,0.01,0.01,0.01,0.04960408,0.01,0.39271414,0.09499956,0.028528994,0.010000004,0.02949764,0.028562363,0.49705562,-0.2548279180910649,0.4240586381860751
0.8400000000000001,-644789248.0,-0.1061202138662338,0.004673222079873,-0.0663359314203262,-0.0326387360692024,-0.0359029151286809,-2037446344704.0,0.01,0.01,0.01,0.01,0.01,0.01,0.01,1.0,1.0,1.0,1.0,1.0,1.0,1.0,0.01,0.01,0.01,0.01,0.01,0.01,0.01,0.39271414,0.08475796,0.026612146,0.0100000035,0.027475664,0.029752735,0.49705562,-0.2503506419504563,0.4702490447033549
0.8500000000000001,-644789248.0,-0.0991961956024169,0.0306611098349094,-0.054746888577938,-0.0426594540476799,-0.0067938883156647,-2037446344704.0,0.01,0.01,0.01,0.01,0.01,0.01,0.01,1.0,1.0,1.0,1.0,1.0,1.0,1.0,0.01,0.01,0.03066111,0.01,0.01,0.01,0.01,0.39271414,0.07592646,0.029190116,0.0100000035,0.025669798,0.027699793,0.49705562,-0.2451770561631281,0.554554699043677
0.8600000000000001,-644789248.0,-0.0988599359989166,0.0201751179993152,-0.0457838550209999,-0.0526529848575592,-0.0198785802424497,-2037446344704.0,0.01,0.01,0.01,0.01,0.01,0.01,0.01,1.0,1.0,1.0,1.0,1.0,1.0,1.0,0.01,0.01,0.020175118,0.01,0.01,0.01,0.01,0.39271414,0.06825066,0.028889267,0.0100000035,0.024051782,0.025862647,0.49705562,-0.2390404159497673,0.6492741899183038
0.8700000000000001,-644789248.0,-0.0999715477228164,0.0459565967321395,-0.0315679721534252,-0.0680732801556587,-0.0579536066876248,-2037446344704.0,0.01,0.01,0.01,0.01,0.01,0.01,0.01,1.0,1.0,1.0,1.0,1.0,1.0,1.0,0.01,0.01,0.045956597,0.01,0.01,0.01,0.01,0.39271414,0.061634436,0.04025741,0.010000003,0.022615759,0.024234083,0.49705562,-0.2320766628347429,0.7255823311739714
0.8799999999999999,-644789248.0,-0.1023045554757118,0.0109033696353435,-0.033195748925209,-0.0833611115813255,-0.0994499147620112,-2037446344704.0,0.01,0.01,0.01,0.01,0.01,0.01,0.01,1.0,1.0,1.0,1.0,1.0,1.0,1.0,0.01,0.01,0.01090337,0.01,0.01,0.01,0.01,0.39271414,0.055856887,0.03858086,0.010000003,0.02133121,0.022778753,0.49705562,-0.2247018650663017,0.7365345569861966
0.8899999999999999,-644789248.0,-0.1057778745889663,0.0486263185739517,-0.0249124281108379,-0.0968455821275711,-0.1315926818640492,-2037446344704.0,0.01,0.01,0.01,0.01,0.01,0.01,0.01,1.0,1.0,1.0,1.0,1.0,1.0,1.0,0.01,0.01,0.04862632,0.01,0.01,0.01,0.01,0.39271414,0.050793633,0.04505874,0.010000003,0.020181252,0.021477066,0.49705562,-0.2174917413960051,0.7048997913378676
0.8999999999999999,-644789248.0,-0.0699796736365794,0.0416365824639797,-0.0197228342294693,-0.1063327044248581,-0.1501048848009609,-2037446344704.0,0.01,0.01,0.01,0.01,0.01,0.01,0.01,1.0,1.0,1.0,1.0,1.0,1.0,1.0,0.01,0.01,0.041636582,0.01,0.01,0.01,0.01,0.39271414,0.046313122,0.045720767,0.010000002,0.019145165,0.020305166,0.49705562,-0.210805346137085,0.6432107734438793
0.91,-644789248.0,-0.0052771509361531,0.0644646286964416,-0.0196979455649852,-0.1113713383674621,-0.192245389003498,-2037446344704.0,0.01,0.01,0.01,0.01,0.01,0.01,0.01,1.0,1.0,1.0,1.0,1.0,1.0,1.0,0.01,0.01,0.06446463,0.01,0.01,0.01,0.01,0.39271414,0.042392973,0.057905238,0.010000002,0.018222334,0.01926216,0.49705562,-0.2047726174928317,0.5708390895601805
0.92,-644789248.0,0.062314571108363,0.0416274778544902,-0.0211804956197738,-0.1129898950457573,-0.2578168717362005,-2037446344704.0,0.01,0.01,0.01,0.01,0.01,0.01,0.01,1.0,1.0,1.0,1.0,1.0,1.0,1.0,0.01,0.06231457,0.041627478,0.01,0.01,0.01,0.01,0.39271414,0.048768107,0.058220137,0.010000002,0.017392246,0.01832456,0.49705562,-0.1996165456150768,0.4732454563433748
0.93,-644789248.0,0.0998721413258444,0.0591679736971855,-0.024494607001543,-0.1114255934953689,-0.3363417420696603,-2037446344704.0,0.01,0.01,0.01,0.01,0.01,0.01,0.01,1.0,1.0,1.0,1.0,1.0,1.0,1.0,0.01,0.09987214,0.059167974,0.01,0.01,0.01,0.01,0.39271414,0.07217485,0.058741458,0.010000002,0.016650725,0.017487498,0.49705562,-0.1956117836257847,0.3347129870839284
0.94,-644789248.0,0.1495885259206014,0.0659086108207702,-0.0294884573668241,-0.1068223416805267,-0.4090318977832794,-2037446344704.0,0.01,0.01,0.01,0.01,0.01,0.01,0.01,1.0,1.0,1.0,1.0,1.0,1.0,1.0,0.01,0.14958853,0.06590861,0.01,0.01,0.01,0.01,0.39271414,0.11045444,0.06330077,0.010000002,0.015984694,0.016736036,0.49705562,-0.1932945341912611,0.1358626524581577
0.95,-644789248.0,0.1790553096658081,0.0549192801117897,-0.0371528565883636,-0.0979763939976692,-0.3998918533325195,-2037446344704.0,0.01,0.01,0.01,0.01,0.01,0.01,0.01,1.0,1.0,1.0,1.0,1.0,1.0,1.0,0.01,0.1790553,0.05491928,0.01,0.01,0.01,0.01,0.39271414,0.14602725,0.062808916,0.010000002,0.015385971,0.016060827,0.49705562,-0.1935356878550314,-0.1635887802566567
0.96,-644789248.0,0.1914541421671868,0.0486416220664978,-0.0481021627783775,-0.0830469653010368,-0.3848012685775757,-2037446344704.0,0.01,0.01,0.01,0.01,0.01,0.01,0.01,1.0,1.0,1.0,1.0,1.0,1.0,1.0,0.01,0.19145414,0.048641622,0.01,0.01,0.01,0.01,0.39271414,0.1734901,0.061299283,0.010000001,0.01484799,0.015454369,0.49705562,-0.1972361977517989,-0.5361393265983632
0.97,-644789248.0,0.1842926348803634,0.0336615480482578,-0.0628777295351028,-0.065970554947853,-0.3678708374500274,-2037446344704.0,0.01,0.01,0.01,0.01,0.01,0.01,0.01,1.0,1.0,1.0,1.0,1.0,1.0,1.0,0.01,0.18429263,0.033661548,0.01,0.01,0.01,0.01,0.39271414,0.18483877,0.05847133,0.010000001,0.014364171,0.014909169,0.49705562,-0.2046608597308958,-0.8877512086071376
0.98,-644789248.0,0.1659104391951728,0.0083165252581238,-0.0918123349547386,-0.0295511223375797,-0.331494390964508,-2037446344704.0,0.01,0.01,0.01,0.01,0.01,0.01,0.01,1.0,1.0,1.0,1.0,1.0,1.0,1.0,0.01,0.16591044,0.01,0.01,0.01,0.01,0.01,0.39271414,0.18492883,0.05346012,0.010000001,0.013929314,0.014419307,0.49705562,-0.2150367162996893,-1.135713842275911
0.99,-644789248.0,0.1374312800367095,-0.0207867342978715,-0.1206229403614997,0.0300435051321983,-0.2690960466861725,-2037446344704.0,0.01,0.01,0.01,0.01,0.01,0.01,0.01,1.0,1.0,1.0,1.0,1.0,1.0,1.0,0.01,0.13743128,0.01,0.01,0.030043505,0.01,0.01,0.39271414,0.18000281,0.048692085,0.010000001,0.024964016,0.0139790885,0.49705562,-0.2272354654784999,-1.2581499067635027
1.0,-644789248.0,0.1090711638615648,-0.0510087311267852,-0.141429916024208,-0.0532211884856224,-0.2437498420476913,-2037446344704.0,0.01,0.01,0.01,0.01,0.01,0.01,0.01,1.0,1.0,1.0,1.0,1.0,1.0,1.0,0.01,0.109071165,0.01,0.01,0.01,0.01,0.01,0.39271414,0.17134959,0.044496667,0.010000001,0.024278365,0.013583354,0.49705562,-0.2394650952145819,-1.1625730418056763
1.0099999999999998,-644789248.0,0.0927084683301429,-0.0744332894682884,-0.1421020030975341,0.0047764964401721,-0.2299830197405299,-2037446344704.0,0.01,0.01,0.01,0.01,0.01,0.01,0.01,1.0,1.0,1.0,1.0,1.0,1.0,1.0,0.01,0.09270847,0.01,0.01,0.01,0.01,0.01,0.39271414,0.16111349,0.040790007,0.010000001,0.02281888,0.0132270735,0.49705562,-0.2498245406110623,-0.9324049626136826
1.02,-644789248.0,0.0694920459390498,-0.0835868194699287,-0.1415218114852905,0.0541713908314704,-0.1708349059364665,-2037446344704.0,0.01,0.01,0.01,0.01,0.01,0.01,0.01,1.0,1.0,1.0,1.0,1.0,1.0,1.0,0.01,0.06949205,0.01,0.01,0.05417139,0.01,0.01,0.39271414,0.15017647,0.037515175,0.010000001,0.044525683,0.01290687,0.49705562,-0.2577566953158499,-0.6668988797636639
1.0299999999999998,-644789248.0,0.0186058443387639,-0.080510213971138,-0.1353452503681183,-0.0532544925808906,-0.1146957702985504,-2037446344704.0,0.01,0.01,0.01,0.01,0.01,0.01,0.01,1.0,1.0,1.0,1.0,1.0,1.0,1.0,0.01,0.018605845,0.01,0.01,0.01,0.01,0.01,0.39271414,0.13552022,0.034608223,0.010000001,0.04277362,0.012618364,0.49705562,-0.2624208124932485,-0.3004024115291985
1.04,-644789248.0,-0.0436794714721121,-0.0658121109008789,-0.1194559186697006,-0.0298906601965427,-0.058051794907954,-2037446344704.0,0.01,0.01,0.01,0.01,0.01,0.01,0.01,1.0,1.0,1.0,1.0,1.0,1.0,1.0,0.01,0.01,0.01,0.01,0.01,0.01,0.01,0.39271414,0.11932957,0.032025583,0.010000001,0.039264794,0.012358573,0.49705562,-0.2632413515008422,0.0766368441652245
1.0499999999999998,-644789248.0,-0.1175349673610447,-0.042200680822134,-0.0985588431358337,-0.0218931511044502,0.0045834227939873,-2037446344704.0,0.01,0.01,0.01,0.01,0.01,0.01,0.01,1.0,1.0,1.0,1.0,1.0,1.0,1.0,0.01,0.01,0.01,0.01,0.01,0.01,0.01,0.39271414,0.105534986,0.029732382,0.010000001,0.036163248,0.012125053,0.49705562,-0.2608049389807509,0.3573474303957792
1.06,-644789248.0,-0.122452788054943,-0.0180697236210107,-0.0790776088833808,-0.0258365161716938,0.0662397724871323,-2037446344704.0,0.01,0.01,0.01,0.01,0.01,0.01,0.01,1.0,1.0,1.0,1.0,1.0,1.0,1.0,0.01,0.01,0.01,0.01,0.01,0.066239774,0.01,0.39271414,0.09382383,0.027691714,0.010000001,0.0334142,0.039724596,0.49705562,-0.2563284239186302,0.5081929854962409
1.0699999999999998,-644789248.0,-0.1057362854480743,0.0036959778517484,-0.0661065280437469,-0.0354299061000347,-0.0738796916944222,-2037446344704.0,0.01,0.01,0.01,0.01,0.01,0.01,0.01,1.0,1.0,1.0,1.0,1.0,1.0,1.0,0.01,0.01,0.01,0.01,0.01,0.01,0.01,0.39271414,0.08373392,0.02586326,0.010000001,0.030959336,0.039787397,0.49705562,-0.250511484476804,0.6357915253107718
1.08,-644789248.0,-0.0935522243380546,0.0409181416034698,-0.047998122870922,-0.0462279096245765,-0.0367248388762277,-2037446344704.0,0.01,0.01,0.01,0.01,0.01,0.01,0.01,1.0,1.0,1.0,1.0,1.0,1.0,1.0,0.01,0.01,0.04091814,0.01,0.01,0.01,0.01,0.39271414,0.07506652,0.035870485,0.010000001,0.028779186,0.03662081,0.49705562,-0.243376097857512,0.7690501815650345
1.09,-644789248.0,-0.089436687529087,0.0044208727777004,-0.0364738330245018,-0.0638979598879814,-0.0503284603496468,-2037446344704.0,0.01,0.01,0.01,0.01,0.01,0.01,0.01,1.0,1.0,1.0,1.0,1.0,1.0,1.0,0.01,0.01,0.01,0.01,0.01,0.01,0.01,0.39271414,0.06754972,0.034832038,0.010000001,0.026834076,0.033809096,0.49705562,-0.2351442790835849,0.8508047097268825
1.1,-644789248.0,-0.0895099714398384,0.0476100407540798,-0.0173497684299945,-0.082583487033844,-0.0868878842082994,-2037446344704.0,0.01,0.01,0.01,0.01,0.01,0.01,0.01,1.0,1.0,1.0,1.0,1.0,1.0,1.0,0.01,0.01,0.04761004,0.01,0.01,0.01,0.01,0.39271414,0.061019756,0.04311528,0.010000001,0.02510072,0.031314358,0.49705562,-0.2264829688327727,0.8687761311644321
1.11,-644789248.0,-0.0931478068232536,0.0349101722240448,-0.0210916958749294,-0.0989779829978942,-0.1234418663533233,-2037446344704.0,0.01,0.01,0.01,0.01,0.01,0.01,0.01,1.0,1.0,1.0,1.0,1.0,1.0,1.0,0.01,0.01,0.034910172,0.01,0.01,0.01,0.01,0.39271414,0.05531506,0.043225575,0.01,0.023552464,0.029094541,0.49705562,-0.2180243183819153,0.8200484421691359
1.12,-644789248.0,-0.0994154810905456,0.0733829736709594,-0.0124215073883533,-0.1106965541839599,-0.1484988089069019,-2037446344704.0,0.01,0.01,0.01,0.01,0.01,0.01,0.01,1.0,1.0,1.0,1.0,1.0,1.0,1.0,0.01,0.01,0.07338297,0.01,0.01,0.01,0.01,0.39271414,0.050322905,0.06352919,0.01,0.022170417,0.027119866,0.49705562,-0.2102784566202783,0.7309680292053299
1.13,-644789248.0,-0.0403070324283514,0.0342544876039028,-0.0128253661096096,-0.1166921406984329,-0.169121511770912,-2037446344704.0,0.01,0.01,0.01,0.01,0.01,0.01,0.01,1.0,1.0,1.0,1.0,1.0,1.0,1.0,0.01,0.01,0.034254488,0.01,0.01,0.01,0.01,0.39271414,0.0459237,0.062595755,0.01,0.020931574,0.025355088,0.49705562,-0.203804914372274,0.5773010786994166
1.14,-644789248.0,0.0221463566553655,0.0611858814954757,-0.0180033333599567,-0.1163489371538162,-0.2170716318873627,-2037446344704.0,0.01,0.01,0.01,0.01,0.01,0.01,0.01,1.0,1.0,1.0,1.0,1.0,1.0,1.0,0.01,0.022146357,0.06118588,0.01,0.01,0.01,0.01,0.39271414,0.04247077,0.061910864,0.01,0.019822247,0.023779117,0.49705562,-0.199019288258958,0.4103081380144502
1.15,-644789248.0,0.0855582659719894,0.0752416551113128,-0.0256540067493915,-0.1104285567998886,-0.2821576000419974,-2037446344704.0,0.01,0.01,0.01,0.01,0.01,0.01,0.01,1.0,1.0,1.0,1.0,1.0,1.0,1.0,0.01,0.085558265,0.075241655,0.01,0.01,0.01,0.01,0.39271414,0.060652692,0.0702573,0.01,0.01883044,0.022373589,0.49705562,-0.1956486146043169,0.2826846413478098
1.16,-644789248.0,0.1121774441208216,0.0589399263262748,-0.0323600322008132,-0.1027071624994278,-0.3582169000090561,-2037446344704.0,0.01,0.01,0.01,0.01,0.01,0.01,0.01,1.0,1.0,1.0,1.0,1.0,1.0,1.0,0.01,0.11217745,0.058939926,0.01,0.01,0.01,0.01,0.39271414,0.08403778,0.06983575,0.01,0.017941358,0.021116382,0.49705562,-0.1936047427828345,0.1339678724233546
1.17,-644789248.0,0.1684776831847548,0.0623481012880802,-0.039019338786602,-0.0939534530043602,-0.3951804041862488,-2037446344704.0,0.01,0.01,0.01,0.01,0.01,0.01,0.01,1.0,1.0,1.0,1.0,1.0,1.0,1.0,0.01,0.16847768,0.0623481,0.01,0.01,0.01,0.01,0.39271414,0.12547274,0.0689023,0.01,0.017142735,0.019989256,0.49705562,-0.193328682417241,-0.0653163084889663
1.1800000000000002,-644789248.0,0.1794540855616238,0.0577284917235374,-0.047127142548561,-0.0825809687376022,-0.3837328255176544,-2037446344704.0,0.01,0.01,0.01,0.01,0.01,0.01,0.01,1.0,1.0,1.0,1.0,1.0,1.0,1.0,0.01,0.17945409,0.05772849,0.01,0.01,0.01,0.01,0.39271414,0.15496895,0.067698546,0.01,0.016425852,0.018979259,0.49705562,-0.1954705053765864,-0.339853906330308
1.19,-644789248.0,0.1896366395751462,0.0455456748604774,-0.0570135302841663,-0.0702267736196518,-0.3718985021114349,-2037446344704.0,0.01,0.01,0.01,0.01,0.01,0.01,0.01,1.0,1.0,1.0,1.0,1.0,1.0,1.0,0.01,0.18963663,0.045545675,0.01,0.01,0.01,0.01,0.39271414,0.17795305,0.065368176,0.01,0.015781723,0.018073177,0.49705562,-0.2006301349870496,-0.6473539530589631
1.2000000000000002,-644789248.0,0.1752133610161016,0.0283929165452718,-0.0776664912700653,-0.0486275479197502,-0.350197285413742,-2037446344704.0,0.01,0.01,0.01,0.01,0.01,0.01,0.01,1.0,1.0,1.0,1.0,1.0,1.0,1.0,0.01,0.17521337,0.028392917,0.01,0.01,0.01,0.01,0.39271414,0.18473627,0.06149435,0.01,0.015203175,0.017260496,0.49705562,-0.208678526411509,-0.9127360349827582
1.21,-644789248.0,0.154783412403184,0.0012871492654085,-0.1026094779372215,-0.0040482059121131,-0.3041678667068481,-2037446344704.0,0.01,0.01,0.01,0.01,0.01,0.01,0.01,1.0,1.0,1.0,1.0,1.0,1.0,1.0,0.01,0.15478341,0.01,0.01,0.01,0.01,0.01,0.39271414,0.18245173,0.05606002,0.01,0.014683308,0.016531166,0.49705562,-0.21895192818536,-1.1023187915311337
1.2200000000000002,-644789248.0,0.1281613646484921,-0.0250630229711532,-0.124981515109539,0.0359618514776229,-0.2609160840511322,-2037446344704.0,0.01,0.01,0.01,0.01,0.01,0.01,0.01,1.0,1.0,1.0,1.0,1.0,1.0,1.0,0.01,0.12816137,0.01,0.01,0.03596185,0.01,0.01,0.39271414,0.17639315,0.05097696,0.01,0.029454248,0.015877068,0.49705562,-0.2305893411629136,-1.1845565857878346
1.23,-644789248.0,0.1042224995482734,-0.0512962751090526,-0.1421223282814026,-0.0600534193217754,-0.2449121922254562,-2037446344704.0,0.01,0.01,0.01,0.01,0.01,0.01,0.01,1.0,1.0,1.0,1.0,1.0,1.0,1.0,0.01,0.1042225,0.01,0.01,0.01,0.01,0.01,0.39271414,0.167376,0.046508167,0.01,0.028548792,0.01528948,0.49705562,-0.2418337485134737,-1.0444936125687765
1.2400000000000002,-644789248.0,0.0892821379765422,-0.0698570981621742,-0.1487365365028381,-0.0178343579173088,-0.1997311908293038,-2037446344704.0,0.01,0.01,0.01,0.01,0.01,0.01,0.01,1.0,1.0,1.0,1.0,1.0,1.0,1.0,0.01,0.08928214,0.01,0.01,0.01,0.01,0.01,0.39271414,0.1574067,0.042565066,0.01,0.026631586,0.014761044,0.49705562,-0.2507053818069858,-0.758349524566808
1.25,-644789248.0,0.0508210937862761,-0.0735216736793518,-0.1350204944610595,0.0333373621106147,-0.1456197347825433,-2037446344704.0,0.01,0.01,0.01,0.01,0.01,0.01,0.01,1.0,1.0,1.0,1.0,1.0,1.0,1.0,0.01,0.050821092,0.01,0.01,0.033337362,0.01,0.01,0.39271414,0.14553234,0.039074942,0.01,0.030993164,0.014285346,0.49705562,-0.2566050942032222,-0.4732854117346866
1.2599999999999998,-644789248.0,-0.0063803929432131,-0.0647643208503723,-0.1235647499561309,-0.0144229456782341,-0.0897740812867721,-2037446344704.0,0.01,0.01,0.01,0.01,0.01,0.01,0.01,1.0,1.0,1.0,1.0,1.0,1.0,1.0,0.01,0.01,0.01,0.01,0.01,0.01,0.01,0.39271414,0.12988596,0.035976194,0.01,0.029980911,0.013856608,0.49705562,-0.2596889043521187,-0.2055455039871349
1.27,-644789248.0,-0.0743391562079941,-0.0490148216485977,-0.1083679497241973,-0.006799578666687,-0.0261092112967748,-2037446344704.0,0.01,0.01,0.01,0.01,0.01,0.01,0.01,1.0,1.0,1.0,1.0,1.0,1.0,1.0,0.01,0.01,0.01,0.01,0.01,0.01,0.01,0.39271414,0.11441637,0.033241313,0.01,0.027908295,0.013472776,0.49705562,-0.2604387511762034,0.0145409360277802
1.2799999999999998,-644789248.0,-0.1331322342157364,-0.0315850898623466,-0.0942297726869583,-0.0086015984416008,0.045726351092557,-2037446344704.0,0.01,0.01,0.01,0.01,0.01,0.01,0.01,1.0,1.0,1.0,1.0,1.0,1.0,1.0,0.01,0.01,0.01,0.01,0.01,0.04572635,0.01,0.39271414,0.10137045,0.030814502,0.01,0.026063034,0.027022151,0.49705562,-0.2594286127709371,0.1599519890073271
1.29,-644789248.0,-0.1238367781043052,-0.0167347099632024,-0.0820456966757774,-0.0181509628891944,0.0071501980958227,-2037446344704.0,0.01,0.01,0.01,0.01,0.01,0.01,0.01,1.0,1.0,1.0,1.0,1.0,1.0,1.0,0.01,0.01,0.01,0.01,0.01,0.01,0.01,0.39271414,0.09023494,0.02865181,0.01,0.024413843,0.028279651,0.49705562,-0.2571306779687952,0.2860586830446956
1.3000000000000005,-644789248.0,-0.1155189350247383,-0.0039553763344883,-0.0741306021809578,-0.0288738943636417,0.0293106528429162,-2037446344704.0,0.01,0.01,0.01,0.01,0.01,0.01,0.01,1.0,1.0,1.0,1.0,1.0,1.0,1.0,0.01,0.01,0.01,0.01,0.01,0.029310653,0.01,0.39271414,0.080596566,0.02671115,0.01,0.022930313,0.030275153,0.49705562,-0.2534583998408193,0.4152382121454697
1.31,-644789248.0,-0.1088397726416587,0.0173937678337097,-0.0639453306794166,-0.0400788486003875,-0.002691753443662,-2037446344704.0,0.01,0.01,0.01,0.01,0.01,0.01,0.01,1.0,1.0,1.0,1.0,1.0,1.0,1.0,0.01,0.01,0.017393768,0.01,0.01,0.01,0.01,0.39271414,0.07229166,0.025562167,0.01,0.021604562,0.028891291,0.49705562,-0.2484888119221328,0.5467435949277237
1.3199999999999998,-644789248.0,-0.1057101190090179,0.0393116772174835,-0.0501783192157745,-0.0508085712790489,-0.0383888570602126,-2037446344704.0,0.01,0.01,0.01,0.01,0.01,0.01,0.01,1.0,1.0,1.0,1.0,1.0,1.0,1.0,0.01,0.01,0.039311677,0.01,0.01,0.01,0.01,0.39271414,0.06513311,0.034646507,0.01,0.020423494,0.026932541,0.49705562,-0.2422508277732767,0.6738940411165798
1.33,-644789248.0,-0.1048621907830238,0.0029928479343652,-0.0454220697283744,-0.0687720328569412,-0.0792634383707308,-2037446344704.0,0.01,0.01,0.01,0.01,0.01,0.01,0.01,1.0,1.0,1.0,1.0,1.0,1.0,1.0,0.01,0.01,0.01,0.01,0.01,0.01,0.01,0.39271414,0.05891695,0.033174176,0.01,0.01936842,0.025189925,0.49705562,-0.2350219661330224,0.7494999535581585
1.34,-644789248.0,-0.1054563224315643,0.0407386869192123,-0.0249688327312469,-0.086707703769207,-0.1153986702685231,-2037446344704.0,0.01,0.01,0.01,0.01,0.01,0.01,0.01,1.0,1.0,1.0,1.0,1.0,1.0,1.0,0.01,0.01,0.040738687,0.01,0.01,0.01,0.01,0.39271414,0.0534727,0.038034648,0.01,0.018421764,0.023631915,0.49705562,-0.2273715390630678,0.769863804624552
1.35,-644789248.0,-0.0733998409212261,0.0377610884606838,-0.0240181386470794,-0.1018196120858192,-0.139371572244031,-2037446344704.0,0.01,0.01,0.01,0.01,0.01,0.01,0.01,1.0,1.0,1.0,1.0,1.0,1.0,1.0,0.01,0.01,0.03776109,0.01,0.01,0.01,0.01,0.39271414,0.048682,0.038655743,0.01,0.017570863,0.0222359,0.49705562,-0.2197710482088431,0.7485425469613995
1.36,-644789248.0,-0.0050603668474761,0.0652177408337593,-0.018044214695692,-0.1124098002910614,-0.1844058128005501,-2037446344704.0,0.01,0.01,0.01,0.01,0.01,0.01,0.01,1.0,1.0,1.0,1.0,1.0,1.0,1.0,0.01,0.01,0.06521774,0.01,0.01,0.01,0.01,0.39271414,0.044484068,0.056631148,0.01,0.016810242,0.020991717,0.49705562,-0.2125172696397993,0.7011341293799109
1.37,-644789248.0,0.0645891594807719,0.0267590377479791,-0.016733843833208,-0.1183637082576751,-0.2532693096327978,-2037446344704.0,0.01,0.01,0.01,0.01,0.01,0.01,0.01,1.0,1.0,1.0,1.0,1.0,1.0,1.0,0.01,0.06458916,0.026759038,0.01,0.01,0.01,0.01,0.39271414,0.051093876,0.05557246,0.01,0.016126905,0.019876797,0.49705562,-0.2060685336978578,0.5926074144892506
1.38,-644789248.0,0.0990629767856485,0.0534026175737381,-0.019141711294651,-0.119282990694046,-0.3339553627157117,-2037446344704.0,0.01,0.01,0.01,0.01,0.01,0.01,0.01,1.0,1.0,1.0,1.0,1.0,1.0,1.0,0.01,0.09906298,0.053402618,0.01,0.01,0.01,0.01,0.39271414,0.072595716,0.054883163,0.01,0.015514184,0.018879427,0.49705562,-0.2010656211727779,0.4170792967788799
1.39,-644789248.0,0.1544885456140006,0.0688888430595398,-0.0253973677754402,-0.1143481954932212,-0.4138371050357818,-2037446344704.0,0.01,0.01,0.01,0.01,0.01,0.01,0.01,1.0,1.0,1.0,1.0,1.0,1.0,1.0,0.01,0.15448855,0.06888884,0.01,0.01,0.01,0.01,0.39271414,0.11336427,0.06360658,0.01,0.014963311,0.017984565,0.49705562,-0.1981369367091863,0.1821427858588095
1.4,-644789248.0,0.1821800345072075,0.0478078052401542,-0.0349697023630142,-0.1034756600856781,-0.4034425616264343,-2037446344704.0,0.01,0.01,0.01,0.01,0.01,0.01,0.01,1.0,1.0,1.0,1.0,1.0,1.0,1.0,0.01,0.18218003,0.047807805,0.01,0.01,0.01,0.01,0.39271414,0.1486365,0.062676206,0.01,0.014468248,0.017181857,0.49705562,-0.1981420617416675,-0.1601962477045515
1.41,-644789248.0,0.1970513693164519,0.0447641350328922,-0.0477778241038322,-0.0858388617634773,-0.386356770992279,-2037446344704.0,0.01,0.01,0.01,0.01,0.01,0.01,0.01,1.0,1.0,1.0,1.0,1.0,1.0,1.0,0.01,0.19705138,0.044764135,0.01,0.01,0.01,0.01,0.39271414,0.17746168,0.060698755,0.01,0.014022876,0.016460909,0.49705562,-0.2020415247877988,-0.5698653175327749
1.42,-644789248.0,0.1878236547572167,0.0302631519734859,-0.0637366101145744,-0.0655521005392074,-0.3668655455112457,-2037446344704.0,0.01,0.01,0.01,0.01,0.01,0.01,0.01,1.0,1.0,1.0,1.0,1.0,1.0,1.0,0.01,0.18782365,0.030263152,0.01,0.01,0.01,0.01,0.39271414,0.18857488,0.057526235,0.01,0.013622368,0.015813557,0.49705562,-0.2099339553607348,-0.9435276538324606
1.4300000000000002,-644789248.0,0.1687135213968217,0.0035781562328338,-0.09500552713871,-0.0265826135873794,-0.3283040821552276,-2037446344704.0,0.01,0.01,0.01,0.01,0.01,0.01,0.01,1.0,1.0,1.0,1.0,1.0,1.0,1.0,0.01,0.16871352,0.01,0.01,0.01,0.01,0.01,0.39271414,0.1881803,0.052541293,0.01,0.0132622095,0.015232209,0.49705562,-0.2208973281272704,-1.1963475841140625
1.44,-644789248.0,0.138643751684615,-0.0275542736053466,-0.1255991458892822,0.0375775694847106,-0.2593648433685303,-2037446344704.0,0.01,0.01,0.01,0.01,0.01,0.01,0.01,1.0,1.0,1.0,1.0,1.0,1.0,1.0,0.01,0.13864376,0.01,0.01,0.03757757,0.01,0.01,0.39271414,0.18291782,0.04788893,0.01,0.030151682,0.01471036,0.49705562,-0.2336443096709669,-1.3057100571502618
1.4500000000000002,-644789248.0,0.1085726815387007,-0.0593228489160537,-0.1460909843444824,-0.0672785565257072,-0.235172837972641,-2037446344704.0,0.01,0.01,0.01,0.01,0.01,0.01,0.01,1.0,1.0,1.0,1.0,1.0,1.0,1.0,0.01,0.108572684,0.01,0.01,0.01,0.01,0.01,0.39271414,0.17376739,0.04379044,0.01,0.029209066,0.0142412,0.49705562,-0.2461374671201345,-1.166838077460323
1.46,-644789248.0,0.0918014654758365,-0.0824220925569534,-0.1464623212814331,-0.0189814213663339,-0.218032473650325,-2037446344704.0,0.01,0.01,0.01,0.01,0.01,0.01,0.01,1.0,1.0,1.0,1.0,1.0,1.0,1.0,0.01,0.091801465,0.01,0.01,0.01,0.01,0.01,0.39271414,0.16305988,0.040167928,0.01,0.027222058,0.013818996,0.49705562,-0.2561569405099873,-0.8594077276788031
1.4700000000000002,-644789248.0,0.0660474907331227,-0.0881394445896148,-0.1461069732904434,0.0421754792332649,-0.1639846050659747,-2037446344704.0,0.01,0.01,0.01,0.01,0.01,0.01,0.01,1.0,1.0,1.0,1.0,1.0,1.0,1.0,0.01,0.06604749,0.01,0.01,0.04217548,0.01,0.01,0.39271414,0.15165152,0.036956124,0.01,0.037078064,0.013438643,0.49705562,-0.262902163900781,-0.5382364275307012
1.48,-644789248.0,0.016115023268984,-0.0788187906146049,-0.1321762502193451,-0.0246682204306125,-0.1117168149570854,-2037446344704.0,0.01,0.01,0.01,0.01,0.01,0.01,0.01,1.0,1.0,1.0,1.0,1.0,1.0,1.0,0.01,0.016115023,0.01,0.01,0.01,0.01,0.01,0.39271414,0.13705797,0.034092285,0.01,0.036284056,0.013094756,0.49705562,-0.2662147453230375,-0.2081673916443991
1.4900000000000002,-644789248.0,-0.0451388168377897,-0.0594518184661865,-0.1129245683550834,-0.0142206735908985,-0.0546432361868839,-2037446344704.0,0.01,0.01,0.01,0.01,0.01,0.01,0.01,1.0,1.0,1.0,1.0,1.0,1.0,1.0,0.01,0.01,0.01,0.01,0.01,0.01,0.01,0.39271414,0.120559685,0.031568035,0.01,0.033515256,0.012787423,0.49705562,-0.2666357723930928,0.0746578321778871
1.5,-644789248.0,-0.1209573247123938,-0.0380101986229419,-0.0957941263914108,-0.0107582695782184,0.0135416077461044,-2037446344704.0,0.01,0.01,0.01,0.01,0.01,0.01,0.01,1.0,1.0,1.0,1.0,1.0,1.0,1.0,0.01,0.01,0.01,0.01,0.01,0.013541608,0.01,0.39271414,0.106562056,0.02932339,0.01,0.031056106,0.012993389,0.49705562,-0.2647617343182839,0.2592544801527446
1.5099999999999998,-644789248.0,-0.11989776045084,-0.0192181449383497,-0.080706775188446,-0.018303757533431,0.0716760952744814,-2037446344704.0,0.01,0.01,0.01,0.01,0.01,0.01,0.01,1.0,1.0,1.0,1.0,1.0,1.0,1.0,0.01,0.01,0.01,0.01,0.01,0.0716761,0.01,0.39271414,0.09469852,0.027326822,0.01,0.028871097,0.044349343,0.49705562,-0.2615933319202835,0.3603575845825106
1.52,-644789248.0,-0.1088047176599502,-0.0030414592474699,-0.0720670521259307,-0.0282364152371883,-0.0719065524357477,-2037446344704.0,0.01,0.01,0.01,0.01,0.01,0.01,0.01,1.0,1.0,1.0,1.0,1.0,1.0,1.0,0.01,0.01,0.01,0.01,0.01,0.01,0.01,0.39271414,0.08453151,0.025544008,0.01,0.026921848,0.043672334,0.49705562,-0.2572782616499611,0.4985485203540572
1.5299999999999998,-644789248.0,-0.1021028608083725,0.0215067826211452,-0.0601696819067001,-0.0386779122054576,-0.0328695423115918,-2037446344704.0,0.01,0.01,0.01,0.01,0.01,0.01,0.01,1.0,1.0,1.0,1.0,1.0,1.0,1.0,0.01,0.01,0.021506783,0.01,0.01,0.01,0.01,0.39271414,0.075744174,0.024967894,0.01,0.025177682,0.04005503,0.49705562,-0.2512644836091651,0.6784523495142933
1.54,-644789248.0,-0.097085490822792,0.0437696911394596,-0.0427905730903148,-0.0517762713134288,-0.0452049609182306,-2037446344704.0,0.01,0.01,0.01,0.01,0.01,0.01,0.01,1.0,1.0,1.0,1.0,1.0,1.0,1.0,0.01,0.01,0.04376969,0.01,0.01,0.01,0.01,0.39271414,0.06815358,0.03764411,0.01,0.023622483,0.03685951,0.49705562,-0.2434937578113928,0.8439306128037716
1.5500000000000005,-644789248.0,-0.0937095656991005,7.532769814133644e-05,-0.0310368500649929,-0.0730268508195877,-0.081769320294974,-2037446344704.0,0.01,0.01,0.01,0.01,0.01,0.01,0.01,1.0,1.0,1.0,1.0,1.0,1.0,1.0,0.01,0.01,0.01,0.01,0.01,0.01,0.01,0.39271414,0.0615516,0.036140244,0.01,0.02223216,0.034025937,0.49705562,-0.2345273699590067,0.9213187981407144
1.56,-644789248.0,-0.0932044312357902,0.0467744246125221,-0.0263191647827625,-0.0945587381720542,-0.1197099650439348,-2037446344704.0,0.01,0.01,0.01,0.01,0.01,0.01,0.01,1.0,1.0,1.0,1.0,1.0,1.0,1.0,0.01,0.01,0.046774425,0.01,0.01,0.01,0.01,0.39271414,0.05578595,0.043084178,0.01,0.02098817,0.031508934,0.49705562,-0.2253208208139972,0.9098419852309696
1.5699999999999998,-644789248.0,-0.0874825454515264,0.044283639639616,-0.0115420334041118,-0.1116330474615097,-0.1466901344809248,-2037446344704.0,0.01,0.01,0.01,0.01,0.01,0.01,0.01,1.0,1.0,1.0,1.0,1.0,1.0,1.0,0.01,0.01,0.04428364,0.01,0.01,0.01,0.01,0.39271414,0.050726525,0.044140507,0.01,0.019873103,0.029267203,0.49705562,-0.2166152549656962,0.8343817009580563
1.58,-644789248.0,-0.0197774753055324,0.077061153948307,-0.0094019547104835,-0.1216239929199218,-0.1776586225305376,-2037446344704.0,0.01,0.01,0.01,0.01,0.01,0.01,0.01,1.0,1.0,1.0,1.0,1.0,1.0,1.0,0.01,0.01,0.077061154,0.01,0.01,0.01,0.01,0.39271414,0.046287715,0.066313095,0.01,0.018875716,0.027273808,0.49705562,-0.2088432826028537,0.7243837970532641
1.59,-644789248.0,0.045844694686577,0.0348813086748123,-0.0119964480400085,-0.124797374010086,-0.235887934597534,-2037446344704.0,0.01,0.01,0.01,0.01,0.01,0.01,0.01,1.0,1.0,1.0,1.0,1.0,1.0,1.0,0.01,0.045844696,0.03488131,0.01,0.01,0.01,0.01,0.39271414,0.04432341,0.06532434,0.01,0.017979842,0.025492357,0.49705562,-0.2025546402175673,0.5503663231778346
1.6,-644789248.0,0.1019998133506835,0.0607449859380722,-0.0185586363077163,-0.1212833672761917,-0.3079860433208324,-2037446344704.0,0.01,0.01,0.01,0.01,0.01,0.01,0.01,1.0,1.0,1.0,1.0,1.0,1.0,1.0,0.01,0.10199981,0.060744986,0.01,0.01,0.01,0.01,0.39271414,0.071266234,0.06426782,0.01,0.017177466,0.023904298,0.49705562,-0.1981786864330385,0.3467214277048673
1.61,-644789248.0,0.1226156583196586,0.0741558820009231,-0.0273618474602699,-0.1123842597007751,-0.3853632880421341,-2037446344704.0,0.01,0.01,0.01,0.01,0.01,0.01,0.01,1.0,1.0,1.0,1.0,1.0,1.0,1.0,0.01,0.12261566,0.07415588,0.01,0.01,0.01,0.01,0.39271414,0.09420137,0.07063271,0.01,0.016458275,0.022486808,0.49705562,-0.1959663123089153,0.1115067760331975
1.62,-644789248.0,0.1833836540697981,0.0584303215146064,-0.0375933796167373,-0.0995111018419265,-0.3987411558628082,-2037446344704.0,0.01,0.01,0.01,0.01,0.01,0.01,0.01,1.0,1.0,1.0,1.0,1.0,1.0,1.0,0.01,0.18338366,0.05843032,0.01,0.01,0.01,0.01,0.39271414,0.1387045,0.07012259,0.01,0.015811203,0.021216078,0.49705562,-0.1963755593113847,-0.1661322702179519
1.63,-644789248.0,0.1828546631361053,0.0517978891730308,-0.0492730811238288,-0.0825115293264389,-0.382454514503479,-2037446344704.0,0.01,0.01,0.01,0.01,0.01,0.01,0.01,1.0,1.0,1.0,1.0,1.0,1.0,1.0,0.01,0.18285467,0.05179789,0.01,0.01,0.01,0.01,0.39271414,0.1640174,0.068142034,0.01,0.015229683,0.02007785,0.49705562,-0.1998724548175021,-0.4933366288494376
1.64,-644789248.0,0.190417465473812,0.0377304628491401,-0.0631191432476043,-0.065667487680912,-0.3666518032550812,-2037446344704.0,0.01,0.01,0.01,0.01,0.01,0.01,0.01,1.0,1.0,1.0,1.0,1.0,1.0,1.0,0.01,0.19041747,0.037730463,0.01,0.01,0.01,0.01,0.39271414,0.18266577,0.06493155,0.01,0.014707133,0.019058095,0.49705562,-0.2066169648308942,-0.8012702246549847
1.65,-644789248.0,0.1708234675305471,0.0148400189355015,-0.0892353132367134,-0.0343669131398201,-0.3350981771945953,-2037446344704.0,0.01,0.01,0.01,0.01,0.01,0.01,0.01,1.0,1.0,1.0,1.0,1.0,1.0,1.0,0.01,0.17082347,0.014840019,0.01,0.01,0.01,0.01,0.39271414,0.18583483,0.059690136,0.01,0.014237441,0.018143939,0.49705562,-0.2160027373591996,-1.0287513352360114
1.66,-644789248.0,0.1469645306802844,-0.0120796747505664,-0.1149839013814926,0.0184341073036193,-0.2782856822013855,-2037446344704.0,0.01,0.01,0.01,0.01,0.01,0.01,0.01,1.0,1.0,1.0,1.0,1.0,1.0,1.0,0.01,0.14696454,0.01,0.01,0.018434107,0.01,0.01,0.39271414,0.18221454,0.054240845,0.01,0.017090835,0.017324235,0.49705562,-0.2271742533838292,-1.167873957599891
1.67,-644789248.0,0.1194185520578843,-0.0393074601888656,-0.1346744447946548,-0.0088359303772449,-0.2472981512546539,-2037446344704.0,0.01,0.01,0.01,0.01,0.01,0.01,0.01,1.0,1.0,1.0,1.0,1.0,1.0,1.0,0.01,0.119418554,0.01,0.01,0.01,0.01,0.01,0.39271414,0.17493601,0.049376234,0.01,0.01670244,0.016588828,0.49705562,-0.2390197717192214,-1.1807118742026754
1.6800000000000002,-644789248.0,0.0987034657226895,-0.0636002868413925,-0.1387417912483215,0.0545832589268684,-0.2397010624408722,-2037446344704.0,0.01,0.01,0.01,0.01,0.01,0.01,0.01,1.0,1.0,1.0,1.0,1.0,1.0,1.0,0.01,0.09870347,0.01,0.01,0.05458326,0.01,0.01,0.39271414,0.16513212,0.04510397,0.01,0.043261625,0.01592962,0.49705562,-0.250371353823046,-1.0673021957242397
1.69,-644789248.0,0.07786612684227,-0.0803059637546539,-0.1461985409259796,-0.0765850916504859,-0.1700059069342673,-2037446344704.0,0.01,0.01,0.01,0.01,0.01,0.01,0.01,1.0,1.0,1.0,1.0,1.0,1.0,1.0,0.01,0.07786613,0.01,0.01,0.01,0.01,0.01,0.39271414,0.15442888,0.041331988,0.01,0.04141982,0.0153371645,0.49705562,-0.2593529610439074,-0.731443243787036
1.7000000000000002,-644789248.0,0.0295100860418017,-0.0823960676789283,-0.1418299973011016,-0.0312217138707637,-0.1167795566337556,-2037446344704.0,0.01,0.01,0.01,0.01,0.01,0.01,0.01,1.0,1.0,1.0,1.0,1.0,1.0,1.0,0.01,0.029510086,0.01,0.01,0.01,0.01,0.01,0.39271414,0.14044887,0.037990145,0.01,0.038067896,0.014803953,0.49705562,-0.2641997112725222,-0.2927305327483054
1.71,-644789248.0,-0.0288511320169481,-0.066959798336029,-0.122198112308979,-0.0087308268994092,-0.0673044387381696,-2037446344704.0,0.01,0.01,0.01,0.01,0.01,0.01,0.01,1.0,1.0,1.0,1.0,1.0,1.0,1.0,0.01,0.01,0.01,0.01,0.01,0.01,0.01,0.39271414,0.12359981,0.035031345,0.01,0.035100315,0.014325034,0.49705562,-0.2648708920522899,0.0936818893973566
1.7200000000000002,-644789248.0,-0.0977628365094718,-0.0418435931205749,-0.0993235260248184,-0.0056239645928144,-0.0081413507586711,-2037446344704.0,0.01,0.01,0.01,0.01,0.01,0.01,0.01,1.0,1.0,1.0,1.0,1.0,1.0,1.0,0.01,0.01,0.01,0.01,0.01,0.01,0.01,0.39271414,0.10916117,0.032407656,0.01,0.032468952,0.013894878,0.49705562,-0.2624875714735908,0.3319458315657059
1.73,-644789248.0,-0.1216777190566062,-0.017642443999648,-0.0798637419939041,-0.0171172507107257,0.0585810505468726,-2037446344704.0,0.01,0.01,0.01,0.01,0.01,0.01,0.01,1.0,1.0,1.0,1.0,1.0,1.0,1.0,0.01,0.01,0.01,0.01,0.01,0.05858105,0.01,0.39271414,0.09691348,0.030074444,0.01,0.030129,0.034182888,0.49705562,-0.2585908034462992,0.4198063466360708
1.7400000000000002,-644789248.0,-0.1065043210983276,0.0018037445843219,-0.0689148157835006,-0.0296899192035198,-0.0371466248553002,-2037446344704.0,0.01,0.01,0.01,0.01,0.01,0.01,0.01,1.0,1.0,1.0,1.0,1.0,1.0,1.0,0.01,0.01,0.01,0.01,0.01,0.01,0.01,0.39271414,0.08640157,0.027989965,0.01,0.028038573,0.03494181,0.49705562,-0.254078285937612,0.4791260345675792
1.75,-644789248.0,-0.0986507534980773,0.028516087681055,-0.0567400306463241,-0.0401269756257534,-0.0095632051976036,-2037446344704.0,0.01,0.01,0.01,0.01,0.01,0.01,0.01,1.0,1.0,1.0,1.0,1.0,1.0,1.0,0.01,0.01,0.028516088,0.01,0.01,0.01,0.01,0.39271414,0.077337205,0.02820092,0.01,0.026170798,0.032314166,0.49705562,-0.2487507901340533,0.573997623394856
1.7599999999999998,-644789248.0,-0.0973787903785705,0.0350713431835174,-0.0443203374743461,-0.0503764599561691,-0.0226944216752723,-2037446344704.0,0.01,0.01,0.01,0.01,0.01,0.01,0.01,1.0,1.0,1.0,1.0,1.0,1.0,1.0,0.01,0.01,0.035071343,0.01,0.01,0.01,0.01,0.39271414,0.06947254,0.0328041,0.01,0.024498902,0.029970838,0.49705562,-0.2423284259671812,0.6822318985955848
1.77,-644789248.0,-0.0977672785520553,0.0205280818045139,-0.0392322577536106,-0.0668568462133407,-0.0600380839023256,-2037446344704.0,0.01,0.01,0.01,0.01,0.01,0.01,0.01,1.0,1.0,1.0,1.0,1.0,1.0,1.0,0.01,0.01,0.020528082,0.01,0.01,0.01,0.01,0.39271414,0.0626581,0.032454077,0.01,0.023008155,0.027888637,0.49705562,-0.2349883223266336,0.7608492306327975
1.7799999999999998,-644789248.0,-0.0995260998606681,0.0564746111631393,-0.0230588838458061,-0.083524689078331,-0.100435344769741,-2037446344704.0,0.01,0.01,0.01,0.01,0.01,0.01,0.01,1.0,1.0,1.0,1.0,1.0,1.0,1.0,0.01,0.01,0.05647461,0.01,0.01,0.01,0.01,0.39271414,0.056749664,0.048801016,0.01,0.02168183,0.026041945,0.49705562,-0.227144918682399,0.7928542193201238
1.79,-644789248.0,-0.1027081757783889,0.0143431350588798,-0.0264472104609012,-0.0982937142252922,-0.1319859381356058,-2037446344704.0,0.01,0.01,0.01,0.01,0.01,0.01,0.01,1.0,1.0,1.0,1.0,1.0,1.0,1.0,0.01,0.01,0.014343135,0.01,0.01,0.01,0.01,0.39271414,0.05157842,0.046803847,0.01,0.02049547,0.02439458,0.49705562,-0.2194500336077549,0.7392020179940818
1.8000000000000005,-644789248.0,-0.0460219937079665,0.051339253783226,-0.0182765088975429,-0.1086255609989166,-0.1575309531064512,-2037446344704.0,0.01,0.01,0.01,0.01,0.01,0.01,0.01,1.0,1.0,1.0,1.0,1.0,1.0,1.0,0.01,0.01,0.051339254,0.01,0.01,0.01,0.01,0.39271414,0.047025654,0.049645577,0.01,0.019431077,0.022920066,0.49705562,-0.2126176163411506,0.6413597620155101
1.81,-644789248.0,0.0192604668306327,0.0609160251915454,-0.0194264017045497,-0.1126120090484619,-0.2086564394895648,-2037446344704.0,0.01,0.01,0.01,0.01,0.01,0.01,0.01,1.0,1.0,1.0,1.0,1.0,1.0,1.0,0.01,0.019260466,0.060916025,0.01,0.01,0.01,0.01,0.39271414,0.04325596,0.05701965,0.01,0.018472869,0.0215954,0.49705562,-0.2068232609389275,0.5432863694238893
1.82,-644789248.0,0.0862092630702941,0.0509667247533798,-0.0232711993157863,-0.1118116229772567,-0.2780878739042455,-2037446344704.0,0.01,0.01,0.01,0.01,0.01,0.01,0.01,1.0,1.0,1.0,1.0,1.0,1.0,1.0,0.01,0.08620926,0.050966725,0.01,0.01,0.01,0.01,0.39271414,0.06096897,0.057520468,0.01,0.017617842,0.020415768,0.49705562,-0.2019764835176266,0.4394598437547558
1.83,-644789248.0,0.1121097004580312,0.0643306300044059,-0.0270112119615077,-0.1088414043188095,-0.3582699503857288,-2037446344704.0,0.01,0.01,0.01,0.01,0.01,0.01,0.01,1.0,1.0,1.0,1.0,1.0,1.0,1.0,0.01,0.1121097,0.06433063,0.01,0.01,0.01,0.01,0.39271414,0.084196545,0.06183826,0.01,0.016853219,0.019362729,0.49705562,-0.1983668378734307,0.286950725837776
1.84,-644789248.0,0.1703265988063279,0.05799151211977,-0.0325393751263618,-0.1030845344066619,-0.4038384854793548,-2037446344704.0,0.01,0.01,0.01,0.01,0.01,0.01,0.01,1.0,1.0,1.0,1.0,1.0,1.0,1.0,0.01,0.1703266,0.057991512,0.01,0.01,0.01,0.01,0.39271414,0.12661418,0.061854,0.01,0.016166667,0.018418664,0.49705562,-0.1967056471603804,0.0534255676788496
1.85,-644789248.0,0.1847577610425569,0.0565283074975013,-0.0412491522729396,-0.0925085544586181,-0.3933435678482055,-2037446344704.0,0.01,0.01,0.01,0.01,0.01,0.01,0.01,1.0,1.0,1.0,1.0,1.0,1.0,1.0,0.01,0.18475775,0.056528307,0.01,0.01,0.01,0.01,0.39271414,0.1582064,0.061274674,0.01,0.01554945,0.017571097,0.49705562,-0.1979594237307136,-0.2771120541548458
1.86,-644789248.0,0.1946562238970647,0.0446783602237701,-0.0531800873577594,-0.0753550603985786,-0.376507431268692,-2037446344704.0,0.01,0.01,0.01,0.01,0.01,0.01,0.01,1.0,1.0,1.0,1.0,1.0,1.0,1.0,0.01,0.19465622,0.04467836,0.01,0.01,0.01,0.01,0.39271414,0.18207075,0.05962887,0.01,0.014993613,0.016808746,0.49705562,-0.2029148217234878,-0.6493381753055625
1.87,-644789248.0,0.1802935649157729,0.0263923946768045,-0.0730702579021453,-0.0559782572090625,-0.3577449917793274,-2037446344704.0,0.01,0.01,0.01,0.01,0.01,0.01,0.01,1.0,1.0,1.0,1.0,1.0,1.0,1.0,0.01,0.18029356,0.026392395,0.01,0.01,0.01,0.01,0.39271414,0.1889091,0.0562094,0.01,0.014495216,0.016125958,0.49705562,-0.2112658561835782,-0.963199368226245
1.88,-644789248.0,0.1588013500868987,-0.0018040016293525,-0.1020877957344055,-0.0095513314008712,-0.3108055293560028,-2037446344704.0,0.01,0.01,0.01,0.01,0.01,0.01,0.01,1.0,1.0,1.0,1.0,1.0,1.0,1.0,0.01,0.15880135,0.01,0.01,0.01,0.01,0.01,0.39271414,0.18654224,0.05136048,0.01,0.01404715,0.015512733,0.49705562,-0.2221559885181473,-1.1708622948445695
1.89,-644789248.0,0.1299541338566881,-0.0314136333763599,-0.1281803697347641,0.0411459617316722,-0.2559324204921722,-2037446344704.0,0.01,0.01,0.01,0.01,0.01,0.01,0.01,1.0,1.0,1.0,1.0,1.0,1.0,1.0,0.01,0.12995413,0.01,0.01,0.04114596,0.01,0.01,0.39271414,0.1801432,0.04685079,0.01,0.03294386,0.01496261,0.49705562,-0.2344638110116465,-1.247528920751096
1.9,-644789248.0,0.1041682225827941,-0.0604036897420883,-0.145976036787033,-0.0708499327301979,-0.23903888463974,-2037446344704.0,0.01,0.01,0.01,0.01,0.01,0.01,0.01,1.0,1.0,1.0,1.0,1.0,1.0,1.0,0.01,0.10416822,0.01,0.01,0.01,0.01,0.01,0.39271414,0.17054823,0.042875394,0.01,0.03177899,0.0144681055,0.49705562,-0.2461906204389178,-1.075204683806607
1.91,-644789248.0,0.0879642120507347,-0.079854667186737,-0.1426620036363601,-0.0248426254838705,-0.1943804913178606,-2037446344704.0,0.01,0.01,0.01,0.01,0.01,0.01,0.01,1.0,1.0,1.0,1.0,1.0,1.0,1.0,0.01,0.087964214,0.01,0.01,0.01,0.01,0.01,0.39271414,0.15992244,0.039357964,0.01,0.029511191,0.014022966,0.49705562,-0.2551308463440692,-0.7398672994948218
1.92,-644789248.0,0.0496181711975838,-0.081645980477333,-0.1393632590770721,0.0265240408480167,-0.1435371050011525,-2037446344704.0,0.01,0.01,0.01,0.01,0.01,0.01,0.01,1.0,1.0,1.0,1.0,1.0,1.0,1.0,0.01,0.04961817,0.01,0.01,0.02652404,0.01,0.01,0.39271414,0.14735155,0.036237903,0.01,0.028861899,0.013622011,0.49705562,-0.2605609566318078,-0.4096503311276785
1.93,-644789248.0,-0.0060134400666893,-0.0689890012145042,-0.1236662566661834,0.0161545984447002,-0.0902879526462656,-2037446344704.0,0.01,0.01,0.01,0.01,0.01,0.01,0.01,1.0,1.0,1.0,1.0,1.0,1.0,1.0,0.01,0.01,0.01,0.01,0.016154598,0.01,0.01,0.39271414,0.13107893,0.0334746,0.01,0.027691768,0.013261856,0.49705562,-0.263176065433933,-0.1591251941458347
1.94,-644789248.0,-0.074341427644779,-0.051254965364933,-0.1076617240905761,0.0045809336006641,-0.0258032488349116,-2037446344704.0,0.01,0.01,0.01,0.01,0.01,0.01,0.01,1.0,1.0,1.0,1.0,1.0,1.0,1.0,0.01,0.01,0.01,0.01,0.01,0.01,0.01,0.39271414,0.11542725,0.031019112,0.01,0.025953338,0.012937819,0.49705562,-0.2637438278134578,0.0106380755716569
1.95,-644789248.0,-0.1310372650623321,-0.0336030088365078,-0.0941230654716491,-0.0055110827088356,0.0469651468982202,-2037446344704.0,0.01,0.01,0.01,0.01,0.01,0.01,0.01,1.0,1.0,1.0,1.0,1.0,1.0,1.0,0.01,0.01,0.01,0.01,0.01,0.04696515,0.01,0.39271414,0.10222913,0.02883646,0.01,0.024317631,0.02736175,0.49705562,-0.2630350391577634,0.1119567035954571
1.96,-644789248.0,-0.1230940297245979,-0.020089354366064,-0.0839022547006607,-0.0159845948219299,0.0020728793416504,-2037446344704.0,0.01,0.01,0.01,0.01,0.01,0.01,0.01,1.0,1.0,1.0,1.0,1.0,1.0,1.0,0.01,0.01,0.01,0.01,0.01,0.01,0.01,0.39271414,0.09096863,0.026888888,0.01,0.022854088,0.02880846,0.49705562,-0.2613355206643071,0.221752929640446
1.97,-644789248.0,-0.1171638071537017,-0.0099156647920608,-0.0771733596920967,-0.0259119439870119,0.0284997179070397,-2037446344704.0,0.01,0.01,0.01,0.01,0.01,0.01,0.01,1.0,1.0,1.0,1.0,1.0,1.0,1.0,0.01,0.01,0.01,0.01,0.01,0.028499719,0.01,0.39271414,0.08125682,0.025143648,0.01,0.021539446,0.030460954,0.49705562,-0.2582828509668903,0.3625260449598765
1.98,-644789248.0,-0.112397588789463,0.0071552004665136,-0.0689374059438705,-0.0366186872124671,0.001008346289769,-2037446344704.0,0.01,0.01,0.01,0.01,0.01,0.01,0.01,1.0,1.0,1.0,1.0,1.0,1.0,1.0,0.01,0.01,0.01,0.01,0.01,0.01,0.01,0.39271414,0.072862074,0.023582073,0.01,0.020360561,0.029239915,0.49705562,-0.2537034759337523,0.5160030228314456
1.99,-644789248.0,-0.1088415682315826,0.0336562916636467,-0.055942103266716,-0.0476113520562648,-0.0351044867756423,-2037446344704.0,0.01,0.01,0.01,0.01,0.01,0.01,0.01,1.0,1.0,1.0,1.0,1.0,1.0,1.0,0.01,0.01,0.03365629,0.01,0.01,0.01,0.01,0.39271414,0.06561416,0.030042348,0.01,0.019307813,0.027239935,0.49705562,-0.247616852667342,0.6664308579516209
2.0,-644789248.0,-0.1066657453775405,0.0029032584279775,-0.0395663231611251,-0.0652451962232589,-0.0757722898062343,-2037446344704.0,0.01,0.01,0.01,0.01,0.01,0.01,0.01,1.0,1.0,1.0,1.0,1.0,1.0,1.0,0.01,0.01,0.01,0.01,0.01,0.01,0.01,0.39271414,0.059331868,0.028984593,0.01,0.018367764,0.025463099,0.49705562,-0.2403291655099673,0.7675775572617259
2.01,-644789248.0,-0.1059801504015922,0.0428465530276298,-0.0243104360997676,-0.0847253873944282,-0.1123450630424119,-2037446344704.0,0.01,0.01,0.01,0.01,0.01,0.01,0.01,1.0,1.0,1.0,1.0,1.0,1.0,1.0,0.01,0.01,0.042846553,0.01,0.01,0.01,0.01,0.39271414,0.053838532,0.03811472,0.01,0.017524712,0.02387655,0.49705562,-0.2322828801859546,0.8240174041284237
2.02,-644789248.0,-0.0683334001575296,0.0187517143785953,-0.0288516320288181,-0.1023459136486053,-0.1380367840276589,-2037446344704.0,0.01,0.01,0.01,0.01,0.01,0.01,0.01,1.0,1.0,1.0,1.0,1.0,1.0,1.0,0.01,0.01,0.018751714,0.01,0.01,0.01,0.01,0.39271414,0.049018703,0.037270438,0.01,0.016768256,0.022458524,0.49705562,-0.2240727898659119,0.8092292366404311
2.03,-644789248.0,0.0006678480557809,0.0617035739123821,-0.0181756727397441,-0.1152417510747909,-0.1873466750053133,-2037446344704.0,0.01,0.01,0.01,0.01,0.01,0.01,0.01,1.0,1.0,1.0,1.0,1.0,1.0,1.0,0.01,0.01,0.061703574,0.01,0.01,0.01,0.01,0.39271414,0.044780288,0.05377655,0.01,0.01608961,0.02119083,0.49705562,-0.216261802592525,0.752626743657614
2.04,-644789248.0,0.0704524662393712,0.0261575728654861,-0.015019591897726,-0.1220924407243728,-0.2586172040909089,-2037446344704.0,0.01,0.01,0.01,0.01,0.01,0.01,0.01,1.0,1.0,1.0,1.0,1.0,1.0,1.0,0.01,0.07045247,0.026157573,0.01,0.01,0.01,0.01,0.39271414,0.053821214,0.052836884,0.01,0.015480109,0.020055853,0.49705562,-0.2093507158776444,0.6327018777548343
2.0500000000000003,-644789248.0,0.0997067224156137,0.0555957034230232,-0.0174734741449356,-0.1228672415018081,-0.3403190727266733,-2037446344704.0,0.01,0.01,0.01,0.01,0.01,0.01,0.01,1.0,1.0,1.0,1.0,1.0,1.0,1.0,0.01,0.099706724,0.055595703,0.01,0.01,0.01,0.01,0.39271414,0.07409721,0.054436423,0.01,0.014933007,0.019039955,0.49705562,-0.2040286228542233,0.4415596660018981
2.06,-644789248.0,0.1606535973940001,0.0638021379709243,-0.024499088525772,-0.1169877648353576,-0.4156335890293121,-2037446344704.0,0.01,0.01,0.01,0.01,0.01,0.01,0.01,1.0,1.0,1.0,1.0,1.0,1.0,1.0,0.01,0.16065359,0.06380214,0.01,0.01,0.01,0.01,0.39271414,0.11737021,0.060423598,0.01,0.014441087,0.01812881,0.49705562,-0.200967244954912,0.1850023100983188
2.0700000000000003,-644789248.0,0.1831806421884114,0.0497003197669982,-0.0350052751600742,-0.1047219485044479,-0.4042028784751892,-2037446344704.0,0.01,0.01,0.01,0.01,0.01,0.01,0.01,1.0,1.0,1.0,1.0,1.0,1.0,1.0,0.01,0.18318065,0.04970032,0.01,0.01,0.01,0.01,0.39271414,0.1511899,0.059786424,0.01,0.013998646,0.017311158,0.49705562,-0.2010558518724025,-0.1749946113926115
2.08,-644789248.0,0.1995254010799779,0.0440699718892574,-0.0487303845584392,-0.0854386687278747,-0.3857296109199524,-2037446344704.0,0.01,0.01,0.01,0.01,0.01,0.01,0.01,1.0,1.0,1.0,1.0,1.0,1.0,1.0,0.01,0.1995254,0.044069972,0.01,0.01,0.01,0.01,0.39271414,0.18000658,0.05811928,0.01,0.013600233,0.01657635,0.49705562,-0.2051824110953729,-0.5908184788722203
2.09,-644789248.0,0.1877424806709204,0.0276029407978057,-0.0656483694911003,-0.0639330819249153,-0.3651622831821441,-2037446344704.0,0.01,0.01,0.01,0.01,0.01,0.01,0.01,1.0,1.0,1.0,1.0,1.0,1.0,1.0,0.01,0.18774249,0.02760294,0.01,0.01,0.01,0.01,0.39271414,0.19014208,0.054983687,0.01,0.013242224,0.015917275,0.49705562,-0.2132725378166559,-0.9620969090514208
2.1,-644789248.0,0.1681815921792204,0.00054541695863,-0.0973232612013816,-0.0233065858483314,-0.3251521289348602,-2037446344704.0,0.01,0.01,0.01,0.01,0.01,0.01,0.01,1.0,1.0,1.0,1.0,1.0,1.0,1.0,0.01,0.1681816,0.01,0.01,0.01,0.01,0.01,0.39271414,0.18889973,0.050271615,0.01,0.012920184,0.015325395,0.49705562,-0.2243922760078417,-1.2096777633844646
2.11,-644789248.0,0.1378238141307709,-0.031405683606863,-0.1277307718992233,0.0403153449296951,-0.2557324171066284,-2037446344704.0,0.01,0.01,0.01,0.01,0.01,0.01,0.01,1.0,1.0,1.0,1.0,1.0,1.0,1.0,0.01,0.13782382,0.01,0.01,0.040315345,0.01,0.01,0.39271414,0.18341199,0.045892257,0.01,0.032086663,0.014794268,0.49705562,-0.237217991302633,-1.3087495332779373
2.12,-644789248.0,0.1075541151099123,-0.0635334476828575,-0.1395060122013092,-0.0733830630779266,-0.2330231666564941,-2037446344704.0,0.01,0.01,0.01,0.01,0.01,0.01,0.01,1.0,1.0,1.0,1.0,1.0,1.0,1.0,0.01,0.107554115,0.01,0.01,0.01,0.01,0.01,0.39271414,0.17400269,0.042029493,0.01,0.030995183,0.0143167935,0.49705562,-0.2496447749822791,-1.1512545263531455
2.13,-644789248.0,0.0914288434898414,-0.0860910639166832,-0.1510022729635238,-0.0238562617450952,-0.2156411596469058,-2037446344704.0,0.01,0.01,0.01,0.01,0.01,0.01,0.01,1.0,1.0,1.0,1.0,1.0,1.0,1.0,0.01,0.091428846,0.01,0.01,0.01,0.01,0.01,0.39271414,0.16314119,0.03860966,0.01,0.02881333,0.013886912,0.49705562,-0.2593749576157513,-0.819561382223044
2.14,-644789248.0,0.0657562770565554,-0.0901094377040863,-0.1466535776853561,0.0337862223386764,-0.1640736643795875,-2037446344704.0,0.01,0.01,0.01,0.01,0.01,0.01,0.01,1.0,1.0,1.0,1.0,1.0,1.0,1.0,0.01,0.065756276,0.01,0.01,0.033786222,0.01,0.01,0.39271414,0.15173396,0.035572685,0.01,0.031991232,0.0134994285,0.49705562,-0.2655553975044966,-0.4801250062441101
2.15,-644789248.0,0.016707468696838,-0.0782526731491088,-0.1302469372749328,-0.001976978033781,-0.113915833064071,-2037446344704.0,0.01,0.01,0.01,0.01,0.01,0.01,0.01,1.0,1.0,1.0,1.0,1.0,1.0,1.0,0.01,0.016707469,0.01,0.01,0.01,0.01,0.01,0.39271414,0.13673672,0.032880906,0.01,0.030510359,0.013151235,0.49705562,-0.2686128596111785,-0.1849240122201098
2.16,-644789248.0,-0.0453881042034686,-0.0595219619572162,-0.1127576380968093,0.0044028460979461,-0.0536313976386558,-2037446344704.0,0.01,0.01,0.01,0.01,0.01,0.01,0.01,1.0,1.0,1.0,1.0,1.0,1.0,1.0,0.01,0.01,0.01,0.01,0.01,0.01,0.01,0.39271414,0.120297655,0.030491047,0.01,0.0283807,0.012838281,0.49705562,-0.2691617477813017,0.0318183013001308
2.17,-644789248.0,-0.1228427632737138,-0.0395082160830497,-0.0969917029142379,-0.0019360333681106,0.0161775614229383,-2037446344704.0,0.01,0.01,0.01,0.01,0.01,0.01,0.01,1.0,1.0,1.0,1.0,1.0,1.0,1.0,0.01,0.01,0.01,0.01,0.01,0.016177561,0.01,0.39271414,0.10633619,0.028363744,0.01,0.026482545,0.0140867345,0.49705562,-0.2680764689256286,0.1559637865393789
2.18,-644789248.0,-0.1225769519805908,-0.0230579245835542,-0.0845900326967239,-0.0131165403872728,0.0704341893746645,-2037446344704.0,0.01,0.01,0.01,0.01,0.01,0.01,0.01,1.0,1.0,1.0,1.0,1.0,1.0,1.0,0.01,0.01,0.01,0.01,0.01,0.07043419,0.01,0.39271414,0.09449758,0.02646992,0.01,0.024790747,0.04393108,0.49705562,-0.2660994293580132,0.233423328006625
2.19,-644789248.0,-0.1151887327432632,-0.0120284520089626,-0.0778882503509521,-0.0230572912842035,-0.0588885420453827,-2037446344704.0,0.01,0.01,0.01,0.01,0.01,0.01,0.01,1.0,1.0,1.0,1.0,1.0,1.0,1.0,0.01,0.01,0.01,0.01,0.01,0.01,0.01,0.39271414,0.08435969,0.024779027,0.01,0.023278683,0.04343143,0.49705562,-0.2630294527529963,0.3797996085589837
2.2,-644789248.0,-0.1107895523309707,0.0046599805355072,-0.0698565989732742,-0.033138632774353,-0.0218339451204965,-2037446344704.0,0.01,0.01,0.01,0.01,0.01,0.01,0.01,1.0,1.0,1.0,1.0,1.0,1.0,1.0,0.01,0.01,0.01,0.01,0.01,0.01,0.01,0.39271414,0.07560281,0.023264943,0.01,0.021923505,0.039844524,0.49705562,-0.2580912441850943,0.5823045379523087
2.21,-644789248.0,-0.1058821827173233,0.0331518575549125,-0.0555679053068161,-0.044871374964714,-0.0344007088297488,-2037446344704.0,0.01,0.01,0.01,0.01,0.01,0.01,0.01,1.0,1.0,1.0,1.0,1.0,1.0,1.0,0.01,0.01,0.033151858,0.01,0.01,0.01,0.01,0.39271414,0.067997366,0.029573673,0.01,0.020707633,0.036660954,0.49705562,-0.2510397635369087,0.7818060127845666
2.22,-644789248.0,-0.1001183167099952,0.005025926977396,-0.0339880809187889,-0.0652747750282287,-0.0713009358563274,-2037446344704.0,0.01,0.01,0.01,0.01,0.01,0.01,0.01,1.0,1.0,1.0,1.0,1.0,1.0,1.0,0.01,0.01,0.01,0.01,0.01,0.01,0.01,0.39271414,0.061410435,0.028555684,0.01,0.019622272,0.033847842,0.49705562,-0.2424140033158153,0.9108029460566154
2.23,-644789248.0,-0.097098983824253,0.0588242225348949,-0.025446493178606,-0.0889640226960182,-0.1105769897218268,-2037446344704.0,0.01,0.01,0.01,0.01,0.01,0.01,0.01,1.0,1.0,1.0,1.0,1.0,1.0,1.0,0.01,0.01,0.058824223,0.01,0.01,0.01,0.01,0.39271414,0.055670284,0.04926302,0.01,0.018651346,0.03135361,0.49705562,-0.2328986036827131,0.9686189327631988
2.24,-644789248.0,-0.092155494179392,0.0055584451183676,-0.019392542541027,-0.1102911829948425,-0.1408840040590421,-2037446344704.0,0.01,0.01,0.01,0.01,0.01,0.01,0.01,1.0,1.0,1.0,1.0,1.0,1.0,1.0,0.01,0.01,0.01,0.01,0.01,0.01,0.01,0.39271414,0.050632503,0.046883214,0.01,0.017779795,0.029131893,0.49705562,-0.2235045355067937,0.8993252528089313
2.25,-644789248.0,-0.0231067899126644,0.0501927025616169,-0.011087778955698,-0.1241956055164337,-0.1729592197228998,-2037446344704.0,0.01,0.01,0.01,0.01,0.01,0.01,0.01,1.0,1.0,1.0,1.0,1.0,1.0,1.0,0.01,0.01,0.050192703,0.01,0.01,0.01,0.01,0.39271414,0.04619528,0.04892437,0.01,0.016996661,0.027149262,0.49705562,-0.2153023491294356,0.759047989792514
2.26,-644789248.0,0.0404527950898639,0.0714928358793258,-0.0123518630862236,-0.1276135742664337,-0.2307098766655054,-2037446344704.0,0.01,0.01,0.01,0.01,0.01,0.01,0.01,1.0,1.0,1.0,1.0,1.0,1.0,1.0,0.01,0.040452793,0.071492836,0.01,0.01,0.01,0.01,0.39271414,0.043485,0.063663706,0.01,0.016294703,0.025383357,0.49705562,-0.2085403173345599,0.6103060983453178
2.27,-644789248.0,0.1006477639746805,0.0448423847556114,-0.0178048312664031,-0.1242940872907638,-0.3029992054345089,-2037446344704.0,0.01,0.01,0.01,0.01,0.01,0.01,0.01,1.0,1.0,1.0,1.0,1.0,1.0,1.0,0.01,0.10064776,0.044842385,0.01,0.01,0.01,0.01,0.39271414,0.070415914,0.06305462,0.01,0.015665,0.023808122,0.49705562,-0.2034232460062515,0.4232177251110922
2.28,-644789248.0,0.1173966282394176,0.064034104347229,-0.0252965316176414,-0.1165196746587753,-0.3821578252027094,-2037446344704.0,0.01,0.01,0.01,0.01,0.01,0.01,0.01,1.0,1.0,1.0,1.0,1.0,1.0,1.0,0.01,0.11739663,0.064034104,0.01,0.01,0.01,0.01,0.39271414,0.0906134,0.06361604,0.01,0.01509975,0.022401204,0.49705562,-0.2005015384108352,0.1756881822759277
2.29,-644789248.0,0.1848914902001614,0.064309149980545,-0.0355812981724739,-0.1038513854146003,-0.4016203582286834,-2037446344704.0,0.01,0.01,0.01,0.01,0.01,0.01,0.01,1.0,1.0,1.0,1.0,1.0,1.0,1.0,0.01,0.18489149,0.06430915,0.01,0.01,0.01,0.01,0.39271414,0.13814212,0.06408371,0.01,0.014591196,0.021140985,0.49705562,-0.2002846781012193,-0.1095897515437661
2.3000000000000003,-644789248.0,0.1823456333105136,0.0531513653695583,-0.047655276954174,-0.0866102203726768,-0.3855431675910949,-2037446344704.0,0.01,0.01,0.01,0.01,0.01,0.01,0.01,1.0,1.0,1.0,1.0,1.0,1.0,1.0,0.01,0.18234563,0.053151365,0.01,0.01,0.01,0.01,0.39271414,0.16313487,0.06307848,0.01,0.014133259,0.020010678,0.49705562,-0.2032704848852922,-0.4482399879109582
2.31,-644789248.0,0.19372517318805,0.0370101295411586,-0.0605650879442691,-0.0680182427167892,-0.3685470521450043,-2037446344704.0,0.01,0.01,0.01,0.01,0.01,0.01,0.01,1.0,1.0,1.0,1.0,1.0,1.0,1.0,0.01,0.19372517,0.03701013,0.01,0.01,0.01,0.01,0.39271414,0.18362461,0.060460784,0.01,0.013721343,0.018997623,0.49705562,-0.209684943411509,-0.7765630240125156
2.3200000000000003,-644789248.0,0.1731458069399882,0.0155436592176556,-0.0864989832043647,-0.04037906229496,-0.3408701717853546,-2037446344704.0,0.01,0.01,0.01,0.01,0.01,0.01,0.01,1.0,1.0,1.0,1.0,1.0,1.0,1.0,0.01,0.1731458,0.015543659,0.01,0.01,0.01,0.01,0.39271414,0.18738519,0.055812646,0.01,0.013351049,0.01808989,0.49705562,-0.2189345175111748,-1.023115623626029
2.33,-644789248.0,0.1495175345199984,-0.012579770758748,-0.1135588884353637,0.0131006017327308,-0.2837855815887451,-2037446344704.0,0.01,0.01,0.01,0.01,0.01,0.01,0.01,1.0,1.0,1.0,1.0,1.0,1.0,1.0,0.01,0.14951754,0.01,0.01,0.013100602,0.01,0.01,0.39271414,0.18396556,0.050848324,0.01,0.013278278,0.017275656,0.49705562,-0.230140159755716,-1.1828771062630332
2.34,-644789248.0,0.1211035813838873,-0.0412722080945968,-0.1360078155994415,0.0390957780182361,-0.2456225752830505,-2037446344704.0,0.01,0.01,0.01,0.01,0.01,0.01,0.01,1.0,1.0,1.0,1.0,1.0,1.0,1.0,0.01,0.121103585,0.01,0.01,0.039095778,0.01,0.01,0.39271414,0.17661737,0.046397995,0.01,0.03130495,0.016546017,0.49705562,-0.2423670613440237,-1.2248039997885016
2.35,-644789248.0,0.0983382380567894,-0.0681710839271545,-0.1491187065839767,-0.0688270777463913,-0.2344989478588104,-2037446344704.0,0.01,0.01,0.01,0.01,0.01,0.01,0.01,1.0,1.0,1.0,1.0,1.0,1.0,1.0,0.01,0.09833824,0.01,0.01,0.01,0.01,0.01,0.39271414,0.16662252,0.042473946,0.01,0.030315,0.015890785,0.49705562,-0.2537715917535384,-1.0394030886215435
2.36,-644789248.0,0.0820985303105507,-0.0848844200372695,-0.1502630114555359,-0.0242379251867532,-0.1836663706936658,-2037446344704.0,0.01,0.01,0.01,0.01,0.01,0.01,0.01,1.0,1.0,1.0,1.0,1.0,1.0,1.0,0.01,0.08209853,0.01,0.01,0.01,0.01,0.01,0.39271414,0.15597197,0.039003048,0.01,0.028207473,0.015301755,0.49705562,-0.2623423014546369,-0.7034142731116293
2.37,-644789248.0,0.0413055904724381,-0.0845537409186363,-0.1417567431926727,0.0231893472373485,-0.1337850730519146,-2037446344704.0,0.01,0.01,0.01,0.01,0.01,0.01,0.01,1.0,1.0,1.0,1.0,1.0,1.0,1.0,0.01,0.04130559,0.01,0.01,0.023189347,0.01,0.01,0.39271414,0.14299963,0.035925265,0.01,0.027442813,0.014771857,0.49705562,-0.2674466348369721,-0.3764293614904032
2.38,-644789248.0,-0.0155661593300755,-0.0708143785595893,-0.1246995031833648,0.0163521133363246,-0.0804954366380109,-2037446344704.0,0.01,0.01,0.01,0.01,0.01,0.01,0.01,1.0,1.0,1.0,1.0,1.0,1.0,1.0,0.01,0.01,0.01,0.01,0.016352113,0.01,0.01,0.39271414,0.12670672,0.03319709,0.01,0.026392624,0.014295947,0.49705562,-0.2697534921856648,-0.1300936810449093
2.39,-644789248.0,-0.0861361052688642,-0.0524860322475433,-0.1082557961344719,0.0035934150218963,-0.0155518793712722,-2037446344704.0,0.01,0.01,0.01,0.01,0.01,0.01,0.01,1.0,1.0,1.0,1.0,1.0,1.0,1.0,0.01,0.01,0.01,0.01,0.01,0.01,0.01,0.39271414,0.11174701,0.030772382,0.01,0.024794547,0.013868035,0.49705562,-0.2700586779795569,0.0348757891325071
2.4,-644789248.0,-0.1331723183393478,-0.0346281230449676,-0.0946948900818824,-0.0064556207507848,0.0584355621154428,-2037446344704.0,0.01,0.01,0.01,0.01,0.01,0.01,0.01,1.0,1.0,1.0,1.0,1.0,1.0,1.0,0.01,0.01,0.01,0.01,0.01,0.058435563,0.01,0.39271414,0.09909683,0.02861597,0.01,0.023281613,0.033721942,0.49705562,-0.2691254565181008,0.1334108751168632
2.41,-644789248.0,-0.1250752955675125,-0.0218114927411079,-0.0845195651054382,-0.0166168361902236,-0.0135988860243449,-2037446344704.0,0.01,0.01,0.01,0.01,0.01,0.01,0.01,1.0,1.0,1.0,1.0,1.0,1.0,1.0,0.01,0.01,0.01,0.01,0.01,0.01,0.01,0.39271414,0.088295996,0.026693244,0.01,0.021928225,0.034516335,0.49705562,-0.2671664856608149,0.2542561886309354
