time,SUP,ECRL,ECRB,ECU,FCR,FCU,PQ,SUP_min,ECRL_min,ECRB_min,ECU_min,FCR_min,FCU_min,PQ_min,SUP_max,ECRL_max,ECRB_max,ECU_max,FCR_max,FCU_max,PQ_max,SUP_exc,ECRL_exc,ECRB_exc,ECU_exc,FCR_exc,FCU_exc,PQ_exc,SUP_act,ECRL_act,ECRB_act,ECU_act,FCR_act,FCU_act,PQ_act,wrist_hand_r3_pos,wrist_hand_r3_vel
0.01,-597485440.0,0.0512156365479837,-0.085832878947258,-0.1350119411945343,0.0341796316206455,-0.1687069501013466,-3081270460416.0,0.01,0.01,0.01,0.01,0.01,0.01,0.01,1.0,1.0,1.0,1.0,1.0,1.0,1.0,0.01,0.051215637,0.01,0.01,0.03417963,0.01,0.01,0.46740305,0.13450477,0.03429113,0.0100288205,0.031085525,0.012182224,0.21836369,-0.2596194843519898,-0.3474569742531001
0.02,-597485440.0,0.0077654173928463,-0.0688135400414466,-0.1193891167640686,-0.0254079662263393,-0.128046157441703,-3081270460416.0,0.01,0.01,0.01,0.01,0.01,0.01,0.01,1.0,1.0,1.0,1.0,1.0,1.0,1.0,0.01,0.01,0.01,0.01,0.01,0.01,0.01,0.46740305,0.12093566,0.031740494,0.010025977,0.03001897,0.011965707,0.21836369,-0.2614533099335366,-0.0708733434936998
0.03,-597485440.0,-0.0473837477701742,-0.0478066876530647,-0.1023711487650871,-0.0199772324413061,-0.0773814575393023,-3081270460416.0,0.01,0.01,0.01,0.01,0.01,0.01,0.01,1.0,1.0,1.0,1.0,1.0,1.0,1.0,0.01,0.01,0.01,0.01,0.01,0.01,0.01,0.46740305,0.10687146,0.029475944,0.010023418,0.027942676,0.011771081,0.21836369,-0.2608867054498182,0.1425967460895651
0.04,-597485440.0,-0.1155594825885452,-0.0269096605479717,-0.0870393812656402,-0.0214765388518571,-0.0147055271487951,-3081270460416.0,0.01,0.01,0.01,0.01,0.01,0.01,0.01,1.0,1.0,1.0,1.0,1.0,1.0,1.0,0.01,0.01,0.01,0.01,0.01,0.01,0.01,0.46740305,0.09492929,0.027458714,0.010021112,0.026091399,0.011595816,0.21836369,-0.2586710782344495,0.2701344142316924
0.05,-597485440.0,-0.1224561855196952,-0.012330899015069,-0.0762938633561134,-0.0290979146957397,0.0505954749201291,-3081270460416.0,0.01,0.01,0.01,0.01,0.01,0.01,0.01,1.0,1.0,1.0,1.0,1.0,1.0,1.0,0.01,0.01,0.01,0.01,0.01,0.050595473,0.01,0.46740305,0.08472971,0.02566177,0.010019034,0.024440885,0.029182466,0.21836369,-0.2555833923872389,0.3350103599196808
0.06,-597485440.0,-0.1141834706068039,0.0040210504084825,-0.0682108774781227,-0.0373414643108844,-0.0464201427766071,-3081270460416.0,0.01,0.01,0.01,0.01,0.01,0.01,0.01,1.0,1.0,1.0,1.0,1.0,1.0,1.0,0.01,0.01,0.01,0.01,0.01,0.01,0.01,0.46740305,0.075935036,0.024055459,0.01001716,0.022964373,0.030425943,0.21836369,-0.2517331373379627,0.4347540401744889
0.07,-597485440.0,-0.1109490990638732,0.0246777608990669,-0.0587077513337135,-0.0455344207584857,-0.0071732404409444,-3081270460416.0,0.01,0.01,0.01,0.01,0.01,0.01,0.01,1.0,1.0,1.0,1.0,1.0,1.0,1.0,0.01,0.01,0.02467776,0.01,0.01,0.01,0.01,0.46740305,0.06831323,0.024411058,0.010015468,0.021642607,0.028303746,0.21836369,-0.2465408782672778,0.5866019231181927
0.08,-597485440.0,-0.1088102459907531,0.0311306565999984,-0.0458531193435192,-0.0576668716967105,-0.0116740296419091,-3081270460416.0,0.01,0.01,0.01,0.01,0.01,0.01,0.01,1.0,1.0,1.0,1.0,1.0,1.0,1.0,0.01,0.01,0.031130657,0.01,0.01,0.01,0.01,0.46740305,0.06163911,0.028940255,0.010013936,0.020452864,0.026400985,0.21836369,-0.2396870877521044,0.7433115861357198
0.09,-597485440.0,-0.1052894294261932,0.0180388931185007,-0.0278765261173248,-0.0766657590866088,-0.045033110734482,-3081270460416.0,0.01,0.01,0.01,0.01,0.01,0.01,0.01,1.0,1.0,1.0,1.0,1.0,1.0,1.0,0.01,0.01,0.018038893,0.01,0.01,0.01,0.01,0.46740305,0.05585473,0.028454103,0.010012561,0.019393492,0.0247133,0.21836369,-0.2315807844993947,0.8508494419684626
0.1,-597485440.0,-0.1040935516357421,0.0619485899806022,-0.026650633662939,-0.0961859971284866,-0.0870613682210183,-3081270460416.0,0.01,0.01,0.01,0.01,0.01,0.01,0.01,1.0,1.0,1.0,1.0,1.0,1.0,1.0,0.01,0.01,0.06194859,0.01,0.01,0.01,0.01,0.46740305,0.05080067,0.051518675,0.010011326,0.018446343,0.023209436,0.21836369,-0.2227491783995495,0.8960214729433259
0.1100000000000001,-597485440.0,-0.1048646494746208,0.0038498793728649,-0.0131986364722251,-0.1135491654276847,-0.1252321961498959,-3081270460416.0,0.01,0.01,0.01,0.01,0.01,0.01,0.01,1.0,1.0,1.0,1.0,1.0,1.0,1.0,0.01,0.01,0.01,0.01,0.01,0.01,0.01,0.46740305,0.046350386,0.049156435,0.01001021,0.017595803,0.021862857,0.21836369,-0.2140693351416463,0.8300569286418504
0.1200000000000001,-597485440.0,-0.1093927696347236,0.0426702350378036,-0.0088170580565929,-0.1247316598892211,-0.1511589756194703,-3081270460416.0,0.01,0.01,0.01,0.01,0.01,0.01,0.01,1.0,1.0,1.0,1.0,1.0,1.0,1.0,0.01,0.01,0.042670235,0.01,0.01,0.01,0.01,0.46740305,0.042422418,0.047959585,0.010009203,0.016831802,0.020656426,0.21836369,-0.2065216134704447,0.6956280061240676
0.1299999999999999,-597485440.0,-0.0954345211044786,0.0777744054794311,-0.0126069448888301,-0.1269473731517791,-0.1607757274409537,-3081270460416.0,0.01,0.01,0.01,0.01,0.01,0.01,0.01,1.0,1.0,1.0,1.0,1.0,1.0,1.0,0.01,0.01,0.077774405,0.01,0.01,0.01,0.01,0.46740305,0.038947538,0.06829256,0.010008295,0.01614526,0.019574838,0.21836369,-0.2003612887329422,0.5581801401206387
0.1399999999999999,-597485440.0,-0.0455949738846711,0.039736695587635,-0.0186959765851497,-0.1230408996343612,-0.1805362945760089,-3081270460416.0,0.01,0.01,0.01,0.01,0.01,0.01,0.01,1.0,1.0,1.0,1.0,1.0,1.0,1.0,0.01,0.01,0.039736696,0.01,0.01,0.01,0.01,0.46740305,0.035856936,0.0681711,0.010007473,0.015526264,0.018601658,0.21836369,-0.1957688538357675,0.3970847732824378
0.1499999999999999,-597485440.0,0.0040898765022473,0.0564850308001041,-0.0260757245123386,-0.1150911003351211,-0.2198942562502887,-3081270460416.0,0.01,0.01,0.01,0.01,0.01,0.01,0.01,1.0,1.0,1.0,1.0,1.0,1.0,1.0,0.01,0.01,0.05648503,0.01,0.01,0.01,0.01,0.46740305,0.033125225,0.06637222,0.010006734,0.014971977,0.017731922,0.21836369,-0.1927504435242307,0.2444636202442558
0.1599999999999999,-597485440.0,0.0604961316158733,0.0666735842823982,-0.0333979725837707,-0.1054633110761642,-0.2733913649827807,-3081270460416.0,0.01,0.01,0.01,0.01,0.01,0.01,0.01,1.0,1.0,1.0,1.0,1.0,1.0,1.0,0.01,0.060496133,0.066673584,0.01,0.01,0.01,0.01,0.46740305,0.043573055,0.06649244,0.010006072,0.014476197,0.016955372,0.21836369,-0.190902087175253,0.1468302894724857
0.1699999999999999,-597485440.0,0.089239873080135,0.0649636536836624,-0.0393628478050231,-0.0966904982924461,-0.3388531766169824,-3081270460416.0,0.01,0.01,0.01,0.01,0.01,0.01,0.01,1.0,1.0,1.0,1.0,1.0,1.0,1.0,0.01,0.08923987,0.06496365,0.01,0.01,0.01,0.01,0.46740305,0.064983144,0.06638957,0.010005474,0.014030055,0.016257623,0.21836369,-0.1898229939442263,0.0783553881188207
0.1799999999999999,-597485440.0,0.1261638161081837,0.0612858943641185,-0.0440299846231937,-0.0894827619194984,-0.3895682990550995,-3081270460416.0,0.01,0.01,0.01,0.01,0.01,0.01,0.01,1.0,1.0,1.0,1.0,1.0,1.0,1.0,0.01,0.12616381,0.061285894,0.01,0.01,0.01,0.01,0.46740305,0.0946015,0.06588958,0.010004935,0.01362888,0.015631057,0.21836369,-0.1895314104016642,-0.018105995100866
0.1899999999999999,-597485440.0,0.1586910356725772,0.0563346110284328,-0.0484617874026298,-0.0826974138617515,-0.3825900554656982,-3081270460416.0,0.01,0.01,0.01,0.01,0.01,0.01,0.01,1.0,1.0,1.0,1.0,1.0,1.0,1.0,0.01,0.15869103,0.05633461,0.01,0.01,0.01,0.01,0.46740305,0.12854272,0.0648788,0.010004449,0.013268045,0.015068192,0.21836369,-0.1906014061625595,-0.1891952784262731
0.1999999999999999,-597485440.0,0.1712090703663892,0.0483830943703651,-0.0543293394148349,-0.0753627121448516,-0.3757979869842529,-3081270460416.0,0.01,0.01,0.01,0.01,0.01,0.01,0.01,1.0,1.0,1.0,1.0,1.0,1.0,1.0,0.01,0.17120907,0.048383094,0.01,0.01,0.01,0.01,0.46740305,0.15423441,0.06313044,0.01000401,0.012943399,0.014562334,0.21836369,-0.1938601098664276,-0.4415308585617943
0.2099999999999999,-597485440.0,0.1762156280062616,0.0361843258142471,-0.067015454173088,-0.0632798746228218,-0.3632749021053314,-3081270460416.0,0.01,0.01,0.01,0.01,0.01,0.01,0.01,1.0,1.0,1.0,1.0,1.0,1.0,1.0,0.01,0.17621563,0.036184326,0.01,0.01,0.01,0.01,0.46740305,0.17096211,0.060275987,0.010003615,0.012651091,0.014107316,0.21836369,-0.199882856892406,-0.723037616595088
0.2199999999999999,-597485440.0,0.1661124885600858,0.0165761560201644,-0.0873002782464027,-0.0357674024999141,-0.3347055912017822,-3081270460416.0,0.01,0.01,0.01,0.01,0.01,0.01,0.01,1.0,1.0,1.0,1.0,1.0,1.0,1.0,0.01,0.16611248,0.016576156,0.01,0.01,0.01,0.01,0.46740305,0.17596605,0.055765793,0.0100032585,0.01238787,0.01369794,0.21836369,-0.2085903972239619,-0.9720332460086484
0.2299999999999999,-597485440.0,0.1475476272880936,-0.0083163604140281,-0.1100119054317474,0.0077297911047935,-0.2892816960811615,-3081270460416.0,0.01,0.01,0.01,0.01,0.01,0.01,0.01,1.0,1.0,1.0,1.0,1.0,1.0,1.0,0.01,0.14754763,0.01,0.01,0.01,0.01,0.01,0.46740305,0.1736874,0.050832815,0.010002937,0.012150949,0.013329764,0.21836369,-0.2194531028705229,-1.1604441455597756
0.24,-597485440.0,0.1236632132121427,-0.0352146439254283,-0.1306776702404022,0.0370160639286041,-0.2588587403297424,-3081270460416.0,0.01,0.01,0.01,0.01,0.01,0.01,0.01,1.0,1.0,1.0,1.0,1.0,1.0,1.0,0.01,0.12366322,0.01,0.01,0.037016064,0.01,0.01,0.46740305,0.16805673,0.0463859,0.010002648,0.02945281,0.0129993595,0.21836369,-0.2316381075051869,-1.2350683589600562
0.25,-597485440.0,0.1011401125579732,-0.0620448440313339,-0.1462483704090118,-0.0758308097720146,-0.2449412643909454,-3081270460416.0,0.01,0.01,0.01,0.01,0.01,0.01,0.01,1.0,1.0,1.0,1.0,1.0,1.0,1.0,0.01,0.10114011,0.01,0.01,0.01,0.01,0.01,0.46740305,0.15977971,0.042464674,0.010002388,0.028575119,0.012701998,0.21836369,-0.2433019089487359,-1.0754635438557278
0.26,-597485440.0,0.0894801809192969,-0.0801966786384582,-0.1473948359489441,-0.0294996723532676,-0.2506585717201233,-3081270460416.0,0.01,0.01,0.01,0.01,0.01,0.01,0.01,1.0,1.0,1.0,1.0,1.0,1.0,1.0,0.01,0.089480184,0.01,0.01,0.01,0.01,0.01,0.46740305,0.15066871,0.03899396,0.010002153,0.02665601,0.012434012,0.21836369,-0.2523490412450197,-0.7595471697534105
0.27,-597485440.0,0.0823126573550611,-0.0818907395005226,-0.137799933552742,0.0218059420585632,-0.2117905113427826,-3081270460416.0,0.01,0.01,0.01,0.01,0.01,0.01,0.01,1.0,1.0,1.0,1.0,1.0,1.0,1.0,0.01,0.08231266,0.01,0.01,0.021805942,0.01,0.01,0.46740305,0.14222778,0.035915785,0.010001941,0.025923608,0.01219247,0.21836369,-0.258057197482974,-0.4412377124425128
0.28,-597485440.0,0.0522812245045818,-0.0699206516146659,-0.1238614022731781,0.0156906954944133,-0.1749529946968816,-3081270460416.0,0.01,0.01,0.01,0.01,0.01,0.01,0.01,1.0,1.0,1.0,1.0,1.0,1.0,1.0,0.01,0.052281223,0.01,0.01,0.015690695,0.01,0.01,0.46740305,0.13226849,0.033188485,0.01000175,0.02496275,0.011975275,0.21836369,-0.2610482688619787,-0.202589475517281
0.29,-597485440.0,0.0067062690791984,-0.053015012294054,-0.1088378280401229,0.0031316727399826,-0.1287633219586234,-3081270460416.0,0.01,0.01,0.01,0.01,0.01,0.01,0.01,1.0,1.0,1.0,1.0,1.0,1.0,1.0,0.01,0.01,0.01,0.01,0.01,0.01,0.01,0.46740305,0.11883581,0.030764906,0.010001577,0.02350348,0.011779734,0.21836369,-0.2621506130310902,-0.0500254153517089
0.3,-597485440.0,-0.0538820800236746,-0.0365726202726364,-0.0963393449783325,-0.0061754845082759,-0.0704848962506955,-3081270460416.0,0.01,0.01,0.01,0.01,0.01,0.01,0.01,1.0,1.0,1.0,1.0,1.0,1.0,1.0,0.01,0.01,0.01,0.01,0.01,0.01,0.01,0.46740305,0.105098546,0.028607668,0.010001422,0.022126086,0.01160364,0.21836369,-0.2621277591653145,0.0351208151191475
0.31,-597485440.0,-0.1249173981264537,-0.0230721477419137,-0.0871874690055847,-0.0155200064182281,-0.0012791146897845,-3081270460416.0,0.01,0.01,0.01,0.01,0.01,0.01,0.01,1.0,1.0,1.0,1.0,1.0,1.0,1.0,0.01,0.01,0.01,0.01,0.01,0.01,0.01,0.46740305,0.093368426,0.026678657,0.010001281,0.020889627,0.011444568,0.21836369,-0.2614602163206174,0.0862527795830544
0.32,-597485440.0,-0.1263777166604995,-0.0158396698534488,-0.0806407257914543,-0.0233798213303089,0.0644103650657456,-3081270460416.0,0.01,0.01,0.01,0.01,0.01,0.01,0.01,1.0,1.0,1.0,1.0,1.0,1.0,1.0,0.01,0.01,0.01,0.01,0.01,0.064410366,0.01,0.46740305,0.083393306,0.024965946,0.010001156,0.01978772,0.03925472,0.21836369,-0.2603022673988667,0.149185889276091
0.33,-597485440.0,-0.124169260263443,-0.0079716220498085,-0.0771903544664383,-0.030032604932785,-0.0624178103830987,-3081270460416.0,0.01,0.01,0.01,0.01,0.01,0.01,0.01,1.0,1.0,1.0,1.0,1.0,1.0,1.0,0.01,0.01,0.01,0.01,0.01,0.01,0.01,0.46740305,0.074797675,0.02343608,0.010001042,0.018800324,0.039325915,0.21836369,-0.2579835247020227,0.3180358442589069
0.3400000000000001,-597485440.0,-0.1226664781570434,0.0044241342693567,-0.0713569670915603,-0.0383374951779842,-0.0111978719971229,-3081270460416.0,0.01,0.01,0.01,0.01,0.01,0.01,0.01,1.0,1.0,1.0,1.0,1.0,1.0,1.0,0.01,0.01,0.01,0.01,0.01,0.01,0.01,0.46740305,0.06733014,0.02206516,0.0100009395,0.017913045,0.036212787,0.21836369,-0.2534755266158354,0.5559211994326173
0.3500000000000001,-597485440.0,-0.1175092160701751,0.0292753670364618,-0.058437380939722,-0.0495702251791954,-0.013368158322826,-3081270460416.0,0.01,0.01,0.01,0.01,0.01,0.01,0.01,1.0,1.0,1.0,1.0,1.0,1.0,1.0,0.01,0.01,0.029275367,0.01,0.01,0.01,0.01,0.46740305,0.060805894,0.026660094,0.010000846,0.017114505,0.03344154,0.21836369,-0.2464966557609661,0.7864696415342067
0.3600000000000001,-597485440.0,-0.1092919111251831,0.0116185490041971,-0.0356791205704212,-0.0732097253203392,-0.0462673919030974,-3081270460416.0,0.01,0.01,0.01,0.01,0.01,0.01,0.01,1.0,1.0,1.0,1.0,1.0,1.0,1.0,0.01,0.01,0.011618549,0.01,0.01,0.01,0.01,0.46740305,0.05512929,0.025863748,0.0100007625,0.016400056,0.030987762,0.21836369,-0.2376305598195147,0.9516552603580642
0.3700000000000001,-597485440.0,-0.1032303646206855,0.0691921263933181,-0.0130580142140388,-0.0995231568813324,-0.088754010841255,-3081270460416.0,0.01,0.01,0.01,0.01,0.01,0.01,0.01,1.0,1.0,1.0,1.0,1.0,1.0,1.0,0.01,0.01,0.06919213,0.01,0.01,0.01,0.01,0.46740305,0.050162524,0.055984624,0.010000688,0.01575961,0.028808096,0.21836369,-0.2275697211363111,1.0299261606022627
0.3799999999999999,-597485440.0,-0.1009069606661796,-0.0123587716370821,-0.0090618170797824,-0.1233102157711982,-0.1282554877490801,-3081270460416.0,0.01,0.01,0.01,0.01,0.01,0.01,0.01,1.0,1.0,1.0,1.0,1.0,1.0,1.0,0.01,0.01,0.01,0.01,0.01,0.01,0.01,0.46740305,0.045789193,0.053236637,0.01000062,0.015183747,0.026863718,0.21836369,-0.2176007535641753,0.9490424784208022
0.3899999999999999,-597485440.0,-0.1049949005246162,0.0368892177939415,-0.0024043396115303,-0.1372570395469665,-0.155134398569711,-3081270460416.0,0.01,0.01,0.01,0.01,0.01,0.01,0.01,1.0,1.0,1.0,1.0,1.0,1.0,1.0,0.01,0.01,0.036889218,0.01,0.01,0.01,0.01,0.46740305,0.04193105,0.051079236,0.0100005595,0.014666096,0.025128348,0.21836369,-0.2091125381180098,0.7645734548195451
0.3999999999999999,-597485440.0,-0.0712428543938034,0.0826115906238555,-0.0080853700637817,-0.1376976668834686,-0.1678815508659151,-3081270460416.0,0.01,0.01,0.01,0.01,0.01,0.01,0.01,1.0,1.0,1.0,1.0,1.0,1.0,1.0,0.01,0.01,0.08261159,0.01,0.01,0.01,0.01,0.46740305,0.03851325,0.07250353,0.010000504,0.014199887,0.023575295,0.21836369,-0.202617247630614,0.5662542948235985
0.4099999999999999,-597485440.0,-0.0231548126669075,0.0437003448605537,-0.0176407247781753,-0.1291863024234771,-0.1960295750445946,-3081270460416.0,0.01,0.01,0.01,0.01,0.01,0.01,0.01,1.0,1.0,1.0,1.0,1.0,1.0,1.0,0.01,0.01,0.043700345,0.01,0.01,0.01,0.01,0.46740305,0.035472278,0.072462894,0.010000454,0.01377902,0.02218109,0.21836369,-0.1982888440033944,0.3517751019779211
0.4199999999999999,-597485440.0,0.0274478552740584,0.0594071969389915,-0.0280327908694744,-0.1161602139472961,-0.2392831777941507,-3081270460416.0,0.01,0.01,0.01,0.01,0.01,0.01,0.01,1.0,1.0,1.0,1.0,1.0,1.0,1.0,0.01,0.027447855,0.059407197,0.01,0.01,0.01,0.01,0.46740305,0.03345641,0.0706376,0.01000041,0.013402819,0.020941691,0.21836369,-0.1958826071999375,0.1664378810781155
0.4299999999999999,-597485440.0,0.0819780825929764,0.0663684532046318,-0.0370224267244339,-0.1030527204275131,-0.2949895558140617,-3081270460416.0,0.01,0.01,0.01,0.01,0.01,0.01,0.01,1.0,1.0,1.0,1.0,1.0,1.0,1.0,0.01,0.08197808,0.06636845,0.01,0.01,0.01,0.01,0.46740305,0.05609402,0.07003389,0.010000369,0.013064998,0.019833963,0.21836369,-0.1949105673318759,0.0515793391556791
0.4399999999999999,-597485440.0,0.0890103581456387,0.0627598017454147,-0.0444448702037334,-0.0914387181401252,-0.3606461552351929,-3081270460416.0,0.01,0.01,0.01,0.01,0.01,0.01,0.01,1.0,1.0,1.0,1.0,1.0,1.0,1.0,0.01,0.08901036,0.0627598,0.01,0.01,0.01,0.01,0.46740305,0.07030266,0.06924632,0.010000332,0.012761106,0.01884162,0.21836369,-0.1948890740574112,-0.0379437240299736
0.4499999999999999,-597485440.0,0.1554708406321898,0.0567033290863037,-0.0502932667732238,-0.0819857418537139,-0.3796475231647491,-3081270460416.0,0.01,0.01,0.01,0.01,0.01,0.01,0.01,1.0,1.0,1.0,1.0,1.0,1.0,1.0,0.01,0.15547083,0.05670333,0.01,0.01,0.01,0.01,0.46740305,0.11411797,0.06789168,0.0100003,0.012487515,0.017951531,0.21836369,-0.1958076088988342,-0.1430716685832453
0.4599999999999999,-597485440.0,0.1502557129941503,0.0495781302452087,-0.0556831508874893,-0.0743471086025238,-0.3731740713119507,-3081270460416.0,0.01,0.01,0.01,0.01,0.01,0.01,0.01,1.0,1.0,1.0,1.0,1.0,1.0,1.0,0.01,0.15025571,0.04957813,0.01,0.01,0.01,0.01,0.46740305,0.1339499,0.06590434,0.010000271,0.012240931,0.017151957,0.21836369,-0.1981800252377856,-0.3222124253418096
0.47,-597485440.0,0.1813226833923381,0.0398565530776977,-0.0646788701415062,-0.0659104287624359,-0.363404244184494,-3081270460416.0,0.01,0.01,0.01,0.01,0.01,0.01,0.01,1.0,1.0,1.0,1.0,1.0,1.0,1.0,0.01,0.18132268,0.039856553,0.01,0.01,0.01,0.01,0.46740305,0.16386452,0.06306476,0.010000244,0.012018693,0.016433472,0.21836369,-0.2026985669269587,-0.5525275349108554
0.48,-597485440.0,0.1656920294519439,0.0266960635781288,-0.0803437381982803,-0.0479868948459625,-0.3436649739742279,-3081270460416.0,0.01,0.01,0.01,0.01,0.01,0.01,0.01,1.0,1.0,1.0,1.0,1.0,1.0,1.0,0.01,0.16569203,0.026696064,0.01,0.01,0.01,0.01,0.46740305,0.17242399,0.059256982,0.01000022,0.0118178725,0.015785934,0.21836369,-0.2097321823757706,-0.7990514482662828
0.49,-597485440.0,0.1593155766494789,0.0037523778155446,-0.1000890582799911,-0.0132789611816406,-0.3065235614776611,-3081270460416.0,0.01,0.01,0.01,0.01,0.01,0.01,0.01,1.0,1.0,1.0,1.0,1.0,1.0,1.0,0.01,0.15931557,0.01,0.01,0.01,0.01,0.01,0.46740305,0.17390849,0.05414854,0.010000198,0.011637285,0.015205087,0.21836369,-0.2190641146197188,-1.015122644626354
0.5,-597485440.0,0.1377966044917938,-0.0202233474701643,-0.1200666055083274,0.0214310511946678,-0.2704053819179535,-3081270460416.0,0.01,0.01,0.01,0.01,0.01,0.01,0.01,1.0,1.0,1.0,1.0,1.0,1.0,1.0,0.01,0.13779661,0.01,0.01,0.021431051,0.01,0.01,0.46740305,0.1704325,0.04928937,0.010000179,0.018233007,0.014684831,0.21836369,-0.2301392478541323,-1.1573128427366426
0.51,-597485440.0,0.1136679418558783,-0.0461388565599918,-0.1362857371568679,-0.04646497964859,-0.2508924901485443,-3081270460416.0,0.01,0.01,0.01,0.01,0.01,0.01,0.01,1.0,1.0,1.0,1.0,1.0,1.0,1.0,0.01,0.11366794,0.01,0.01,0.01,0.01,0.01,0.46740305,0.16381855,0.04501992,0.010000161,0.017977988,0.014217742,0.21836369,-0.2417185441069164,-1.1334157640320977
0.52,-597485440.0,0.0956313799377768,-0.0687304586172103,-0.1481136679649353,0.0181990154087543,-0.2461238503456115,-3081270460416.0,0.01,0.01,0.01,0.01,0.01,0.01,0.01,1.0,1.0,1.0,1.0,1.0,1.0,1.0,0.01,0.09563138,0.01,0.01,0.018199015,0.01,0.01,0.46740305,0.15536141,0.04123901,0.010000145,0.018106798,0.013796402,0.21836369,-0.2523063568677534,-1.001898627782844
0.53,-597485440.0,0.0881845180931534,-0.0817265659570694,-0.1446943879127502,0.034917626529932,-0.2196654790680892,-3081270460416.0,0.01,0.01,0.01,0.01,0.01,0.01,0.01,1.0,1.0,1.0,1.0,1.0,1.0,1.0,0.01,0.08818452,0.01,0.01,0.034917627,0.01,0.01,0.46740305,0.14662005,0.03790755,0.010000131,0.029499993,0.013418623,0.21836369,-0.2613493897020563,-0.8164605768816564
0.54,-597485440.0,0.0602540730068889,-0.0853695347905159,-0.1430346667766571,-0.038510076701641,-0.1686007519014126,-3081270460416.0,0.01,0.01,0.01,0.01,0.01,0.01,0.01,1.0,1.0,1.0,1.0,1.0,1.0,1.0,0.01,0.060254075,0.01,0.01,0.01,0.01,0.01,0.46740305,0.13678643,0.034956217,0.010000118,0.028627612,0.013078858,0.21836369,-0.2679777600915156,-0.5324991921950393
0.55,-597485440.0,0.0152570233154675,-0.0785961300134658,-0.132371038198471,-0.0155628323554992,-0.1236062436967371,-3081270460416.0,0.01,0.01,0.01,0.01,0.01,0.01,0.01,1.0,1.0,1.0,1.0,1.0,1.0,1.0,0.01,0.015257023,0.01,0.01,0.01,0.01,0.01,0.46740305,0.12364328,0.032333456,0.010000106,0.026700595,0.012772865,0.21836369,-0.2715100619830912,-0.2235877442758824
0.56,-597485440.0,-0.0376758343418639,-0.0625304579734802,-0.1160987317562103,-0.0001609213650226,-0.0752442529616743,-3081270460416.0,0.01,0.01,0.01,0.01,0.01,0.01,0.01,1.0,1.0,1.0,1.0,1.0,1.0,1.0,0.01,0.01,0.01,0.01,0.01,0.01,0.01,0.46740305,0.109251775,0.030003635,0.010000096,0.024982814,0.012497729,0.21836369,-0.2722572279387161,0.0276323445574548
0.5700000000000001,-597485440.0,-0.1041674563406793,-0.042757760733366,-0.0995559692382812,-0.0051211826503276,-0.0172213148561606,-3081270460416.0,0.01,0.01,0.01,0.01,0.01,0.01,0.01,1.0,1.0,1.0,1.0,1.0,1.0,1.0,0.01,0.01,0.01,0.01,0.01,0.01,0.01,0.46740305,0.09696086,0.027929451,0.010000086,0.02344877,0.012250127,0.21836369,-0.2710000087184937,0.1886992408750801
0.5800000000000001,-597485440.0,-0.1342458426952362,-0.0248675867915153,-0.0855421423912048,-0.0167943853884935,0.0496732987792036,-3081270460416.0,0.01,0.01,0.01,0.01,0.01,0.01,0.01,1.0,1.0,1.0,1.0,1.0,1.0,1.0,0.01,0.01,0.01,0.01,0.01,0.0496733,0.01,0.46740305,0.08647402,0.026081981,0.010000078,0.02207861,0.02838066,0.21836369,-0.2685941755004351,0.2745562921008538
0.5900000000000001,-597485440.0,-0.1246594041585922,-0.0122950375080108,-0.0776885449886322,-0.0274429954588413,-0.0241804461917495,-3081270460416.0,0.01,0.01,0.01,0.01,0.01,0.01,0.01,1.0,1.0,1.0,1.0,1.0,1.0,1.0,0.01,0.01,0.01,0.01,0.01,0.01,0.01,0.46740305,0.077434935,0.024430038,0.010000071,0.020850485,0.029730674,0.21836369,-0.2653377368937336,0.3724826254627623
0.6000000000000001,-597485440.0,-0.1189799606800079,0.0053898319602012,-0.0691992342472076,-0.0368256829679012,0.0124837360538409,-3081270460416.0,0.01,0.01,0.01,0.01,0.01,0.01,0.01,1.0,1.0,1.0,1.0,1.0,1.0,1.0,0.01,0.01,0.01,0.01,0.01,0.0124837365,0.01,0.46740305,0.06960044,0.022951275,0.010000063,0.019748725,0.028029677,0.21836369,-0.2608292393614143,0.5102566048221402
0.6100000000000001,-597485440.0,-0.1154687404632568,0.029842022806406,-0.0572382435202598,-0.0465080514550209,0.0081660713675584,-3081270460416.0,0.01,0.01,0.01,0.01,0.01,0.01,0.01,1.0,1.0,1.0,1.0,1.0,1.0,1.0,0.01,0.01,0.029842023,0.01,0.01,0.01,0.01,0.46740305,0.06275904,0.027468884,0.010000057,0.01875742,0.026849782,0.21836369,-0.2547822823768043,0.6608966493090597
0.6200000000000001,-597485440.0,-0.1119560822844505,0.005854832008481,-0.0409036390483379,-0.0649586841464042,-0.026451441761595,-3081270460416.0,0.01,0.01,0.01,0.01,0.01,0.01,0.01,1.0,1.0,1.0,1.0,1.0,1.0,1.0,0.01,0.01,0.01,0.01,0.01,0.01,0.01,0.46740305,0.05682841,0.0265296,0.010000051,0.017873075,0.02511253,0.21836369,-0.2474568550512338,0.777126939069167
0.6299999999999999,-597485440.0,-0.1104295030236244,0.0492536276578903,-0.026355043053627,-0.0841045156121254,-0.0669959763969596,-3081270460416.0,0.01,0.01,0.01,0.01,0.01,0.01,0.01,1.0,1.0,1.0,1.0,1.0,1.0,1.0,0.01,0.01,0.049253628,0.01,0.01,0.01,0.01,0.46740305,0.05164169,0.042207066,0.010000046,0.01708059,0.023562744,0.21836369,-0.2391898196351126,0.8565980211099509
0.6399999999999999,-597485440.0,-0.1099977418780326,0.0014995180536061,-0.0140497125685215,-0.1022072955965995,-0.1064064401846445,-3081270460416.0,0.01,0.01,0.01,0.01,0.01,0.01,0.01,1.0,1.0,1.0,1.0,1.0,1.0,1.0,0.01,0.01,0.01,0.01,0.01,0.01,0.01,0.46740305,0.04708999,0.040393066,0.010000042,0.016370013,0.022178717,0.21836369,-0.2305865804582852,0.8483594234553444
0.6499999999999999,-597485440.0,-0.1123410761356353,0.0430232547223567,-0.0222473815083503,-0.1159844547510147,-0.1364395085114971,-3081270460416.0,0.01,0.01,0.01,0.01,0.01,0.01,0.01,1.0,1.0,1.0,1.0,1.0,1.0,1.0,0.01,0.01,0.043023255,0.01,0.01,0.01,0.01,0.46740305,0.043064985,0.04202973,0.010000038,0.015729964,0.02093639,0.21836369,-0.2224916657594208,0.7800509785184121
0.6599999999999999,-597485440.0,-0.0867199233259722,0.0639875382184982,-0.0177701823413372,-0.1225972473621368,-0.1523485156579374,-3081270460416.0,0.01,0.01,0.01,0.01,0.01,0.01,0.01,1.0,1.0,1.0,1.0,1.0,1.0,1.0,0.01,0.01,0.06398754,0.01,0.01,0.01,0.01,0.46740305,0.03952403,0.056518603,0.010000034,0.015156994,0.019827938,0.21836369,-0.2151544547125127,0.6933616903858127
0.6699999999999999,-597485440.0,-0.0317400315766974,0.0346092768013477,-0.0173216201364994,-0.1240359842777252,-0.184058472212826,-3081270460416.0,0.01,0.01,0.01,0.01,0.01,0.01,0.01,1.0,1.0,1.0,1.0,1.0,1.0,1.0,0.01,0.01,0.034609277,0.01,0.01,0.01,0.01,0.46740305,0.03637862,0.056225717,0.0100000305,0.01464054,0.018831609,0.21836369,-0.2089531836680891,0.5646036125387678
0.6799999999999999,-597485440.0,0.0233674463672589,0.059465155005455,-0.021570187062025,-0.1206723675131797,-0.2332482818339659,-3081270460416.0,0.01,0.01,0.01,0.01,0.01,0.01,0.01,1.0,1.0,1.0,1.0,1.0,1.0,1.0,0.01,0.023367446,0.059465155,0.01,0.01,0.01,0.01,0.46740305,0.033989087,0.058019467,0.010000028,0.014175526,0.017936807,0.21836369,-0.204152221991929,0.4306329221186838
0.69,-597485440.0,0.0802212299636526,0.0641510859131813,-0.0277415700256824,-0.1137457340955734,-0.2932892870787076,-3081270460416.0,0.01,0.01,0.01,0.01,0.01,0.01,0.01,1.0,1.0,1.0,1.0,1.0,1.0,1.0,0.01,0.08022123,0.064151086,0.01,0.01,0.01,0.01,0.46740305,0.054958455,0.061910767,0.010000025,0.013759383,0.017137986,0.21836369,-0.2004730927644917,0.3226018387381706
0.7,-597485440.0,0.0884046948319786,0.0588929280638694,-0.032851904630661,-0.1068025976419448,-0.3622364320683969,-3081270460416.0,0.01,0.01,0.01,0.01,0.01,0.01,0.01,1.0,1.0,1.0,1.0,1.0,1.0,1.0,0.01,0.08840469,0.058892928,0.01,0.01,0.01,0.01,0.46740305,0.06945378,0.06189054,0.010000022,0.013385821,0.016422417,0.21836369,-0.1979730943238685,0.1841820551913034
0.71,-597485440.0,0.1566369316351682,0.0608074516057968,-0.0385108888149261,-0.0989737659692764,-0.3982171416282654,-3081270460416.0,0.01,0.01,0.01,0.01,0.01,0.01,0.01,1.0,1.0,1.0,1.0,1.0,1.0,1.0,0.01,0.15663694,0.06080745,0.01,0.01,0.01,0.01,0.46740305,0.1138952,0.061741367,0.01000002,0.013049733,0.015779825,0.21836369,-0.1970995543589057,-0.000835915831634
0.72,-597485440.0,0.1569980782191634,0.0550424084067344,-0.0458865687251091,-0.0884316489100456,-0.3878464698791504,-3081270460416.0,0.01,0.01,0.01,0.01,0.01,0.01,0.01,1.0,1.0,1.0,1.0,1.0,1.0,1.0,0.01,0.15699808,0.05504241,0.01,0.01,0.01,0.01,0.46740305,0.13690062,0.0610748,0.010000018,0.01274694,0.015201849,0.21836369,-0.1985405618686134,-0.2670911484482913
0.73,-597485440.0,0.1872320769760789,0.0432148426771163,-0.0554870292544364,-0.0739007070660591,-0.374266505241394,-3081270460416.0,0.01,0.01,0.01,0.01,0.01,0.01,0.01,1.0,1.0,1.0,1.0,1.0,1.0,1.0,0.01,0.18723208,0.043214843,0.01,0.01,0.01,0.01,0.46740305,0.16808042,0.05922099,0.010000017,0.012473603,0.014680863,0.21836369,-0.2030402795568122,-0.5764099577319469
0.74,-597485440.0,0.1727106918034676,0.0269577167928218,-0.0736346170306205,-0.0568125061690807,-0.3569382429122925,-3081270460416.0,0.01,0.01,0.01,0.01,0.01,0.01,0.01,1.0,1.0,1.0,1.0,1.0,1.0,1.0,0.01,0.17271069,0.026957717,0.01,0.01,0.01,0.01,0.46740305,0.17697662,0.05604375,0.010000015,0.0122274645,0.014212357,0.21836369,-0.2105888131170672,-0.8657223178927032
0.75,-597485440.0,0.1659067452630971,0.0017860289663076,-0.0990833342075347,-0.0172785185277462,-0.3160443305969238,-3081270460416.0,0.01,0.01,0.01,0.01,0.01,0.01,0.01,1.0,1.0,1.0,1.0,1.0,1.0,1.0,0.01,0.16590674,0.01,0.01,0.01,0.01,0.01,0.46740305,0.17909941,0.051279217,0.010000014,0.012006505,0.013792305,0.21836369,-0.2206069265312008,-1.0909493385568607
0.76,-597485440.0,0.1421458964357553,-0.0252400171011686,-0.1228412836790084,0.0278486907482147,-0.267532616853714,-3081270460416.0,0.01,0.01,0.01,0.01,0.01,0.01,0.01,1.0,1.0,1.0,1.0,1.0,1.0,1.0,0.01,0.1421459,0.01,0.01,0.02784869,0.01,0.01,0.46740305,0.17551911,0.04677116,0.010000012,0.022828924,0.0134149995,0.21836369,-0.2323992639895744,-1.2245088395593886
0.77,-597485440.0,0.1161726051116372,-0.0537831522524356,-0.1422913968563079,-0.0562756024301052,-0.24589604139328,-3081270460416.0,0.01,0.01,0.01,0.01,0.01,0.01,0.01,1.0,1.0,1.0,1.0,1.0,1.0,1.0,0.01,0.116172604,0.01,0.01,0.01,0.01,0.01,0.46740305,0.16854589,0.04279984,0.010000011,0.022378236,0.0130757,0.21836369,-0.244460021240139,-1.161914697980268
0.78,-597485440.0,0.0970191790384538,-0.0771020799875259,-0.1470191478729248,-0.0061258226633071,-0.2440507411956787,-3081270460416.0,0.01,0.01,0.01,0.01,0.01,0.01,0.01,1.0,1.0,1.0,1.0,1.0,1.0,1.0,0.01,0.09701918,0.01,0.01,0.01,0.01,0.01,0.46740305,0.15958408,0.039288815,0.01000001,0.021118766,0.012770225,0.21836369,-0.2550080827697084,-0.9630817853026497
0.79,-597485440.0,0.0896923212983277,-0.0877752602100372,-0.147509753704071,0.0522019639611244,-0.2205539187707148,-3081270460416.0,0.01,0.01,0.01,0.01,0.01,0.01,0.01,1.0,1.0,1.0,1.0,1.0,1.0,1.0,0.01,0.089692324,0.01,0.01,0.052201964,0.01,0.01,0.46740305,0.15044612,0.03618496,0.010000009,0.042692777,0.012495683,0.21836369,-0.2633462557005318,-0.7149521932136612
0.8,-597485440.0,0.0633771272048678,-0.0864725857973098,-0.1405587196350097,-0.0547160059213638,-0.1741252414295386,-3081270460416.0,0.01,0.01,0.01,0.01,0.01,0.01,0.01,1.0,1.0,1.0,1.0,1.0,1.0,1.0,0.01,0.06337713,0.01,0.01,0.01,0.01,0.01,0.46740305,0.14044777,0.03342756,0.010000008,0.04110817,0.012248256,0.21836369,-0.2685694146573404,-0.3619613944100893
0.81,-597485440.0,0.0209136590757754,-0.073317140340805,-0.1251133531332016,-0.0285923946648836,-0.1320134960013765,-3081270460416.0,0.01,0.01,0.01,0.01,0.01,0.01,0.01,1.0,1.0,1.0,1.0,1.0,1.0,1.0,0.01,0.020913659,0.01,0.01,0.01,0.01,0.01,0.46740305,0.12732664,0.030975843,0.010000007,0.03779081,0.012025392,0.21836369,-0.2700809599095932,0.001205580077957
0.8200000000000001,-597485440.0,-0.0298753537487587,-0.0509921424090862,-0.1048066467046737,-0.0185431204736232,-0.0850526817493859,-3081270460416.0,0.01,0.01,0.01,0.01,0.01,0.01,0.01,1.0,1.0,1.0,1.0,1.0,1.0,1.0,0.01,0.01,0.01,0.01,0.01,0.01,0.01,0.46740305,0.1124482,0.028797101,0.010000006,0.034855295,0.0118249925,0.21836369,-0.2684429678935806,0.2740283001974475
0.8300000000000001,-597485440.0,-0.0919587407498564,-0.0262982193380594,-0.0855130553245544,-0.0204680524766445,-0.0276683539961653,-3081270460416.0,0.01,0.01,0.01,0.01,0.01,0.01,0.01,1.0,1.0,1.0,1.0,1.0,1.0,1.0,0.01,0.01,0.01,0.01,0.01,0.01,0.01,0.46740305,0.099703595,0.026856514,0.010000005,0.03225041,0.011644624,0.21836369,-0.264826833652833,0.4131011704343056
0.8400000000000001,-597485440.0,-0.1141184195876121,-0.0086384611204266,-0.0735572427511215,-0.028835754841566,0.0375472937686973,-3081270460416.0,0.01,0.01,0.01,0.01,0.01,0.01,0.01,1.0,1.0,1.0,1.0,1.0,1.0,1.0,0.01,0.01,0.01,0.01,0.01,0.037547294,0.01,0.46740305,0.088832244,0.025125189,0.010000005,0.029934097,0.022378342,0.21836369,-0.2604387737805113,0.450504465493398
0.8500000000000001,-597485440.0,-0.1031125485897064,0.0155460871756076,-0.0615237988531589,-0.0375346727669239,-0.025547332594592,-3081270460416.0,0.01,0.01,0.01,0.01,0.01,0.01,0.01,1.0,1.0,1.0,1.0,1.0,1.0,1.0,0.01,0.01,0.015546087,0.01,0.01,0.01,0.01,0.46740305,0.07946418,0.024052298,0.010000004,0.02786594,0.024188824,0.21836369,-0.2557174685143317,0.497898321557548
0.8600000000000001,-597485440.0,-0.10126793384552,0.0336485281586647,-0.05110464990139,-0.0453258864581584,0.0025639792376609,-3081270460416.0,0.01,0.01,0.01,0.01,0.01,0.01,0.01,1.0,1.0,1.0,1.0,1.0,1.0,1.0,0.01,0.01,0.03364853,0.01,0.01,0.01,0.01,0.46740305,0.071374014,0.030480364,0.010000004,0.026021963,0.022737954,0.21836369,-0.250213138646737,0.592868606746227
0.8700000000000001,-597485440.0,-0.1027749329805374,0.0026111975312232,-0.0410503223538398,-0.0577610172331333,-0.0034145767252936,-3081270460416.0,0.01,0.01,0.01,0.01,0.01,0.01,0.01,1.0,1.0,1.0,1.0,1.0,1.0,1.0,0.01,0.01,0.01,0.01,0.01,0.01,0.01,0.46740305,0.06430075,0.02973796,0.0100000035,0.024366088,0.021478169,0.21836369,-0.2437449429448229,0.6748891009232942
0.8799999999999999,-597485440.0,-0.1040419489145279,0.0356112420558929,-0.0377401709556579,-0.0719430968165397,-0.0364261274777846,-3081270460416.0,0.01,0.01,0.01,0.01,0.01,0.01,0.01,1.0,1.0,1.0,1.0,1.0,1.0,1.0,0.01,0.01,0.035611242,0.01,0.01,0.01,0.01,0.46740305,0.058142588,0.033459213,0.0100000035,0.022887655,0.02030573,0.21836369,-0.2365818450692237,0.7401606869498735
0.8899999999999999,-597485440.0,-0.1061921492218971,0.0307422317564487,-0.023779097944498,-0.0860185176134109,-0.0769568085800302,-3081270460416.0,0.01,0.01,0.01,0.01,0.01,0.01,0.01,1.0,1.0,1.0,1.0,1.0,1.0,1.0,0.01,0.01,0.030742232,0.01,0.01,0.01,0.01,0.46740305,0.052780867,0.0336677,0.0100000035,0.021570751,0.019259656,0.21836369,-0.2289582508232068,0.772222255347247
0.8999999999999999,-597485440.0,-0.1091052144765853,0.0614960044622421,-0.0061410516500473,-0.0987590104341507,-0.1140155638946796,-3081270460416.0,0.01,0.01,0.01,0.01,0.01,0.01,0.01,1.0,1.0,1.0,1.0,1.0,1.0,1.0,0.01,0.01,0.061496004,0.01,0.01,0.01,0.01,0.46740305,0.048096582,0.052602496,0.010000003,0.020396965,0.018325882,0.21836369,-0.2212018281957921,0.7694784432670966
0.91,-597485440.0,-0.1128449440002441,0.0161735266447067,-0.0187785178422927,-0.1089814603328704,-0.14117125112923,-3081270460416.0,0.01,0.01,0.01,0.01,0.01,0.01,0.01,1.0,1.0,1.0,1.0,1.0,1.0,1.0,0.01,0.01,0.016173527,0.01,0.01,0.01,0.01,0.46740305,0.043964896,0.050780863,0.010000003,0.01934408,0.01748724,0.21836369,-0.213896486360123,0.6898263683703763
0.92,-597485440.0,-0.0742202807053115,0.0483567416667938,-0.0172535702586174,-0.1147401481866836,-0.1585452318372758,-3081270460416.0,0.01,0.01,0.01,0.01,0.01,0.01,0.01,1.0,1.0,1.0,1.0,1.0,1.0,1.0,0.01,0.01,0.04835674,0.01,0.01,0.01,0.01,0.46740305,0.040305678,0.049951833,0.010000003,0.01839766,0.016732557,0.21836369,-0.2077022035202448,0.5717652643484934
0.93,-597485440.0,-0.0199300528410559,0.0717071592807769,-0.0213025324046611,-0.1145060509443283,-0.1927020922698815,-3081270460416.0,0.01,0.01,0.01,0.01,0.01,0.01,0.01,1.0,1.0,1.0,1.0,1.0,1.0,1.0,0.01,0.01,0.07170716,0.01,0.01,0.01,0.01,0.46740305,0.03708204,0.06410091,0.010000002,0.01755214,0.016057612,0.21836369,-0.2025642833011891,0.4698414242530768
0.94,-597485440.0,0.0375984506456272,0.043262168765068,-0.0253562442958354,-0.1114274114370346,-0.2445052122858705,-3081270460416.0,0.01,0.01,0.01,0.01,0.01,0.01,0.01,1.0,1.0,1.0,1.0,1.0,1.0,1.0,0.01,0.03759845,0.04326217,0.01,0.01,0.01,0.01,0.46740305,0.035708208,0.06422736,0.010000002,0.016788606,0.015447587,0.21836369,-0.1985442494582346,0.3602504665551428
0.95,-597485440.0,0.0898158516114135,0.0565447658300399,-0.030589286237955,-0.1059490740299224,-0.3071333056023967,-3081270460416.0,0.01,0.01,0.01,0.01,0.01,0.01,0.01,1.0,1.0,1.0,1.0,1.0,1.0,1.0,0.01,0.089815855,0.056544766,0.01,0.01,0.01,0.01,0.46740305,0.061763454,0.06310144,0.010000002,0.016108343,0.014903609,0.21836369,-0.1955494737785497,0.2499972567021307
0.96,-597485440.0,0.0978724736824743,0.0643878430128097,-0.0352823510766029,-0.1000155508518219,-0.377289889661112,-3081270460416.0,0.01,0.01,0.01,0.01,0.01,0.01,0.01,1.0,1.0,1.0,1.0,1.0,1.0,1.0,0.01,0.09787247,0.06438784,0.01,0.01,0.01,0.01,0.46740305,0.07725657,0.06390559,0.010000002,0.01549788,0.014415083,0.21836369,-0.1938052929464502,0.1056861652177409
0.97,-597485440.0,0.165627530154459,0.0602177754044532,-0.0411264263093471,-0.0923186615109443,-0.3953210413455963,-3081270460416.0,0.01,0.01,0.01,0.01,0.01,0.01,0.01,1.0,1.0,1.0,1.0,1.0,1.0,1.0,0.01,0.16562752,0.060217775,0.01,0.01,0.01,0.01,0.46740305,0.12304991,0.06358286,0.010000002,0.014949216,0.013975722,0.21836369,-0.1937503597735642,-0.0859915994723631
0.98,-597485440.0,0.1610976911458466,0.0529672354459762,-0.0486637651920318,-0.0816488265991211,-0.3841922283172607,-3081270460416.0,0.01,0.01,0.01,0.01,0.01,0.01,0.01,1.0,1.0,1.0,1.0,1.0,1.0,1.0,0.01,0.16109769,0.052967235,0.01,0.01,0.01,0.01,0.46740305,0.14424127,0.062491626,0.010000002,0.014455391,0.013580043,0.21836369,-0.1960728876227031,-0.3565379443615697
0.99,-597485440.0,0.1879882191811887,0.0405294820666313,-0.0581731274724006,-0.0697963610291481,-0.3718032240867615,-3081270460416.0,0.01,0.01,0.01,0.01,0.01,0.01,0.01,1.0,1.0,1.0,1.0,1.0,1.0,1.0,0.01,0.18798822,0.040529482,0.01,0.01,0.01,0.01,0.46740305,0.17238766,0.06017545,0.010000001,0.014010076,0.0132230455,0.21836369,-0.2014139346456974,-0.655042154982797
1.0,-597485440.0,0.1713690698383132,0.0232039671391248,-0.080126978456974,-0.0469558984041214,-0.3491876721382141,-3081270460416.0,0.01,0.01,0.01,0.01,0.01,0.01,0.01,1.0,1.0,1.0,1.0,1.0,1.0,1.0,0.01,0.17136908,0.023203967,0.01,0.01,0.01,0.01,0.46740305,0.17921418,0.056419317,0.010000001,0.013609832,0.012902023,0.21836369,-0.2095807657976845,-0.9214734628734144
1.0099999999999998,-597485440.0,0.1613907008802469,-0.0033294651657342,-0.1047559455037117,-0.0015844255685806,-0.3027368187904358,-3081270460416.0,0.01,0.01,0.01,0.01,0.01,0.01,0.01,1.0,1.0,1.0,1.0,1.0,1.0,1.0,0.01,0.1613907,0.01,0.01,0.01,0.01,0.01,0.46740305,0.17867681,0.051562898,0.010000001,0.013249918,0.012613222,0.21836369,-0.2200785567914156,-1.129083403129073
1.02,-597485440.0,0.1378930426203422,-0.0306229367852211,-0.1273972243070602,0.0367752760648727,-0.2630764245986938,-3081270460416.0,0.01,0.01,0.01,0.01,0.01,0.01,0.01,1.0,1.0,1.0,1.0,1.0,1.0,1.0,0.01,0.13789304,0.01,0.01,0.036775276,0.01,0.01,0.46740305,0.17445612,0.04702502,0.010000001,0.029599914,0.0123542305,0.21836369,-0.2321037319159768,-1.2328714127066234
1.0299999999999998,-597485440.0,0.1120413441023073,-0.058228563517332,-0.1430931687355041,-0.0688771978020668,-0.2466863840818405,-3081270460416.0,0.01,0.01,0.01,0.01,0.01,0.01,0.01,1.0,1.0,1.0,1.0,1.0,1.0,1.0,0.01,0.11204135,0.01,0.01,0.01,0.01,0.01,0.46740305,0.16696751,0.043025665,0.010000001,0.028748406,0.012121066,0.21836369,-0.2439294078249312,-1.1086345623637823
1.04,-597485440.0,0.0956306097192844,-0.0785429254174232,-0.1468911170959472,-0.0235554743558168,-0.2496594488620758,-3081270460416.0,0.01,0.01,0.01,0.01,0.01,0.01,0.01,1.0,1.0,1.0,1.0,1.0,1.0,1.0,0.01,0.09563061,0.01,0.01,0.01,0.01,0.01,0.46740305,0.15787832,0.03949056,0.010000001,0.026810734,0.011911037,0.21836369,-0.2534884045629001,-0.8241135633097324
1.0499999999999998,-597485440.0,0.0848904750393417,-0.0834356173872947,-0.1411431580781936,0.0334956794977188,-0.2082286479179691,-3081270460416.0,0.01,0.01,0.01,0.01,0.01,0.01,0.01,1.0,1.0,1.0,1.0,1.0,1.0,1.0,0.01,0.08489048,0.01,0.01,0.03349568,0.01,0.01,0.46740305,0.148921,0.03635051,0.010000001,0.03113736,0.011721374,0.21836369,-0.2599592146657948,-0.5283205640445836
1.06,-597485440.0,0.0526425479642531,-0.0744214802980423,-0.128669261932373,-0.0112127009779214,-0.1663277666157251,-3081270460416.0,0.01,0.01,0.01,0.01,0.01,0.01,0.01,1.0,1.0,1.0,1.0,1.0,1.0,1.0,0.01,0.052642547,0.01,0.01,0.01,0.01,0.01,0.46740305,0.13829827,0.03356329,0.010000001,0.030118622,0.011550453,0.21836369,-0.263563795709654,-0.2537988671179873
1.0699999999999998,-597485440.0,0.0058443954641058,-0.0583053827285766,-0.1132691949605941,-0.0015351474285125,-0.1181272303993765,-3081270460416.0,0.01,0.01,0.01,0.01,0.01,0.01,0.01,1.0,1.0,1.0,1.0,1.0,1.0,1.0,0.01,0.01,0.01,0.01,0.01,0.01,0.01,0.46740305,0.1240099,0.031097697,0.010000001,0.028031435,0.0113971075,0.21836369,-0.2648206134670062,-0.038713772622969
1.08,-597485440.0,-0.0537290036254104,-0.0406110659241676,-0.0990156605839729,-0.0026037655770778,-0.0606793053739588,-3081270460416.0,0.01,0.01,0.01,0.01,0.01,0.01,0.01,1.0,1.0,1.0,1.0,1.0,1.0,1.0,0.01,0.01,0.01,0.01,0.01,0.01,0.01,0.46740305,0.109468736,0.028903577,0.010000001,0.026170552,0.011258985,0.21836369,-0.2643904843696939,0.0939290102185247
1.09,-597485440.0,-0.1213655172722956,-0.0241891704499721,-0.0871249288320541,-0.0119207799434661,0.0044860962832156,-3081270460416.0,0.01,0.01,0.01,0.01,0.01,0.01,0.01,1.0,1.0,1.0,1.0,1.0,1.0,1.0,0.01,0.01,0.01,0.01,0.01,0.01,0.01,0.46740305,0.0971416,0.026948405,0.010000001,0.024509536,0.011134563,0.21836369,-0.263025020134694,0.1626346851408598
1.1,-597485440.0,-0.1209544464945793,-0.0146652860566973,-0.0793156400322914,-0.0212209820747375,0.064409921436537,-3081270460416.0,0.01,0.01,0.01,0.01,0.01,0.01,0.01,1.0,1.0,1.0,1.0,1.0,1.0,1.0,0.01,0.01,0.01,0.01,0.01,0.06440992,0.01,0.46740305,0.086631596,0.025206644,0.010000001,0.023027577,0.0395711,0.21836369,-0.2611199977796788,0.2198074042345691
1.11,-597485440.0,-0.1171189248561859,-0.0037326570600271,-0.0745538771152496,-0.0291079394519329,-0.0723775778338042,-3081270460416.0,0.01,0.01,0.01,0.01,0.01,0.01,0.01,1.0,1.0,1.0,1.0,1.0,1.0,1.0,0.01,0.01,0.01,0.01,0.01,0.01,0.01,0.46740305,0.077592574,0.023650978,0.010000001,0.021702185,0.039648294,0.21836369,-0.2581770399021183,0.3724838871205947
1.12,-597485440.0,-0.1154523193836212,0.01169721968472,-0.0672849789261818,-0.0378722324967384,-0.0200943397371836,-3081270460416.0,0.01,0.01,0.01,0.01,0.01,0.01,0.01,1.0,1.0,1.0,1.0,1.0,1.0,1.0,0.01,0.01,0.01169722,0.01,0.01,0.01,0.01,0.46740305,0.06975507,0.022407351,0.010000001,0.020513479,0.0364985,0.21836369,-0.2532220248360454,0.5937287748040246
1.13,-597485440.0,-0.1111292541027069,0.0368210934102535,-0.0532196722924709,-0.0490652769804,-0.0216858154832097,-3081270460416.0,0.01,0.01,0.01,0.01,0.01,0.01,0.01,1.0,1.0,1.0,1.0,1.0,1.0,1.0,0.01,0.01,0.036821093,0.01,0.01,0.01,0.01,0.46740305,0.06294021,0.03204007,0.010000001,0.01944814,0.033703107,0.21836369,-0.2460096113862742,0.8082351959300309
1.14,-597485440.0,-0.1046776100993156,-0.0014987187460064,-0.0313743948936462,-0.0715570151805877,-0.0534388451494395,-3081270460416.0,0.01,0.01,0.01,0.01,0.01,0.01,0.01,1.0,1.0,1.0,1.0,1.0,1.0,1.0,0.01,0.01,0.01,0.01,0.01,0.01,0.01,0.46740305,0.05700112,0.030828862,0.01,0.018494224,0.031222139,0.21836369,-0.2371210474984515,0.9373372168035256
1.15,-597485440.0,-0.1004464030265808,0.0476222597062587,-0.0135219059884548,-0.0961489528417587,-0.0937623856309496,-3081270460416.0,0.01,0.01,0.01,0.01,0.01,0.01,0.01,1.0,1.0,1.0,1.0,1.0,1.0,1.0,0.01,0.01,0.04762226,0.01,0.01,0.01,0.01,0.46740305,0.05179965,0.041997794,0.01,0.01763873,0.029014492,0.21836369,-0.2274327591649583,0.979118188004499
1.16,-597485440.0,-0.1004409119486808,0.0255249068140983,-0.0147239230573177,-0.1174313127994537,-0.1297362781234418,-3081270460416.0,0.01,0.01,0.01,0.01,0.01,0.01,0.01,1.0,1.0,1.0,1.0,1.0,1.0,1.0,0.01,0.01,0.025524907,0.01,0.01,0.01,0.01,0.46740305,0.047229536,0.041357126,0.01,0.016871104,0.027047388,0.21836369,-0.2178927239971679,0.9221748632946616
1.17,-597485440.0,-0.0907994639604191,0.0771301090717315,-0.0053224377334117,-0.1306934058666229,-0.1538287739370887,-3081270460416.0,0.01,0.01,0.01,0.01,0.01,0.01,0.01,1.0,1.0,1.0,1.0,1.0,1.0,1.0,0.01,0.01,0.07713011,0.01,0.01,0.01,0.01,0.46740305,0.04320693,0.06558589,0.01,0.016182603,0.02529413,0.21836369,-0.2092587535361772,0.8058907965762111
1.1800000000000002,-597485440.0,-0.0341558876159023,0.031485415995121,-0.0069864615797996,-0.1348743587732315,-0.1816372836184536,-3081270460416.0,0.01,0.01,0.01,0.01,0.01,0.01,0.01,1.0,1.0,1.0,1.0,1.0,1.0,1.0,0.01,0.01,0.031485416,0.01,0.01,0.01,0.01,0.46740305,0.03964766,0.06423856,0.01,0.01556335,0.023725878,0.21836369,-0.202263795294938,0.6088029265875404
1.19,-597485440.0,0.0195426613124468,0.0609136819839477,-0.01434912905097,-0.1303869932889938,-0.2266936612361367,-3081270460416.0,0.01,0.01,0.01,0.01,0.01,0.01,0.01,1.0,1.0,1.0,1.0,1.0,1.0,1.0,0.01,0.01954266,0.060913682,0.01,0.01,0.01,0.01,0.46740305,0.036838133,0.06333697,0.01,0.015006932,0.022323808,0.21836369,-0.1974328646527653,0.3931293920263267
1.2000000000000002,-597485440.0,0.073575240386834,0.0762663930654525,-0.024516612291336,-0.11939337849617,-0.2812116472820007,-3081270460416.0,0.01,0.01,0.01,0.01,0.01,0.01,0.01,1.0,1.0,1.0,1.0,1.0,1.0,1.0,0.01,0.07357524,0.07626639,0.01,0.01,0.01,0.01,0.46740305,0.051916603,0.07148138,0.01,0.01450776,0.021071715,0.21836369,-0.1944607958700346,0.227099144792863
1.21,-597485440.0,0.0920325810576153,0.0595066621899604,-0.0334191657602787,-0.1072071939706802,-0.3433372254209434,-3081270460416.0,0.01,0.01,0.01,0.01,0.01,0.01,0.01,1.0,1.0,1.0,1.0,1.0,1.0,1.0,0.01,0.09203258,0.059506662,0.01,0.01,0.01,0.01,0.46740305,0.06957771,0.07094853,0.01,0.014058988,0.019950556,0.21836369,-0.1930523514554542,0.0699059401176746
1.2200000000000002,-597485440.0,0.1404070498237031,0.0605385899543762,-0.0414228588342666,-0.0952267795801162,-0.3939487934112549,-3081270460416.0,0.01,0.01,0.01,0.01,0.01,0.01,0.01,1.0,1.0,1.0,1.0,1.0,1.0,1.0,0.01,0.14040706,0.06053859,0.01,0.01,0.01,0.01,0.46740305,0.10468588,0.06972092,0.01,0.013654079,0.018942522,0.21836369,-0.1933095164792079,-0.0973122255828095
1.23,-597485440.0,0.1595441593253081,0.0551375821232795,-0.0495844595134258,-0.0824181362986564,-0.3812896013259887,-3081270460416.0,0.01,0.01,0.01,0.01,0.01,0.01,0.01,1.0,1.0,1.0,1.0,1.0,1.0,1.0,0.01,0.15954416,0.055137582,0.01,0.01,0.01,0.01,0.46740305,0.1328207,0.06815236,0.01,0.013290365,0.018040027,0.21836369,-0.1954375223532702,-0.3065145714688602
1.2400000000000002,-597485440.0,0.1801028502860907,0.0446146763861179,-0.0580493882298469,-0.0711676701903343,-0.3709200918674469,-3081270460416.0,0.01,0.01,0.01,0.01,0.01,0.01,0.01,1.0,1.0,1.0,1.0,1.0,1.0,1.0,0.01,0.18010285,0.044614676,0.01,0.01,0.01,0.01,0.46740305,0.1606777,0.065666966,0.01,0.012963169,0.017230514,0.21836369,-0.1998718535164626,-0.5480849277836691
1.25,-597485440.0,0.1755926625615469,0.0305708386003971,-0.0756727382540702,-0.0537889376282691,-0.3524633646011352,-3081270460416.0,0.01,0.01,0.01,0.01,0.01,0.01,0.01,1.0,1.0,1.0,1.0,1.0,1.0,1.0,0.01,0.17559266,0.030570839,0.01,0.01,0.01,0.01,0.46740305,0.17417973,0.06204648,0.01,0.012667208,0.016500115,0.21836369,-0.2068707068726731,-0.7878716991232293
1.2599999999999998,-597485440.0,0.167484644273107,0.0069988518953323,-0.0974147468805313,-0.0176106989383697,-0.3139149248600006,-3081270460416.0,0.01,0.01,0.01,0.01,0.01,0.01,0.01,1.0,1.0,1.0,1.0,1.0,1.0,1.0,0.01,0.16748464,0.01,0.01,0.01,0.01,0.01,0.46740305,0.17831652,0.05672588,0.01,0.012401018,0.015844762,0.21836369,-0.2160754414294865,-0.9948008251518374
1.27,-597485440.0,0.1473498756613797,-0.0166873354464769,-0.1182535588741302,0.0210740342736244,-0.2719888091087341,-3081270460416.0,0.01,0.01,0.01,0.01,0.01,0.01,0.01,1.0,1.0,1.0,1.0,1.0,1.0,1.0,0.01,0.14734988,0.01,0.01,0.021074034,0.01,0.01,0.46740305,0.17556699,0.051538996,0.01,0.018107634,0.01525837,0.21836369,-0.2270135470881362,-1.1467371872343206
1.2799999999999998,-597485440.0,0.123619393739665,-0.0420574657618999,-0.1348675638437271,-0.0440224483609199,-0.2522653639316559,-3081270460416.0,0.01,0.01,0.01,0.01,0.01,0.01,0.01,1.0,1.0,1.0,1.0,1.0,1.0,1.0,0.01,0.12361939,0.01,0.01,0.01,0.01,0.01,0.46740305,0.16968992,0.047000974,0.01,0.017850427,0.014733298,0.21836369,-0.2386297032608405,-1.1497350314961594
1.29,-597485440.0,0.1029300365215246,-0.0650398954749107,-0.1365247219800949,0.0243125110864639,-0.2454749047756195,-3081270460416.0,0.01,0.01,0.01,0.01,0.01,0.01,0.01,1.0,1.0,1.0,1.0,1.0,1.0,1.0,0.01,0.10293004,0.01,0.01,0.024312511,0.01,0.01,0.46740305,0.16145225,0.043000896,0.01,0.022312628,0.01426121,0.21836369,-0.2495647899980309,-1.0355297011500602
1.3000000000000005,-597485440.0,0.0909661480008825,-0.0799109116196632,-0.1432655751705169,-0.0092747882008552,-0.2122055544611074,-3081270460416.0,0.01,0.01,0.01,0.01,0.01,0.01,0.01,1.0,1.0,1.0,1.0,1.0,1.0,1.0,0.01,0.09096615,0.01,0.01,0.01,0.01,0.01,0.46740305,0.15242855,0.039466422,0.01,0.021606924,0.013836648,0.21836369,-0.2587795945286926,-0.8246558436002562
1.31,-597485440.0,0.0603412886165982,-0.0839490368962287,-0.1426279544830322,0.035293698310852,-0.1616048547523655,-3081270460416.0,0.01,0.01,0.01,0.01,0.01,0.01,0.01,1.0,1.0,1.0,1.0,1.0,1.0,1.0,0.01,0.060341287,0.01,0.01,0.0352937,0.01,0.01,0.46740305,0.14206906,0.036331315,0.01,0.030700345,0.01345416,0.21836369,-0.2656920125328476,-0.5937531965580792
1.3199999999999998,-597485440.0,0.0129577556666032,-0.0781679078936576,-0.1331169605255127,-0.0312058497220277,-0.1119737086728419,-3081270460416.0,0.01,0.01,0.01,0.01,0.01,0.01,0.01,1.0,1.0,1.0,1.0,1.0,1.0,1.0,0.01,0.0129577555,0.01,0.01,0.01,0.01,0.01,0.46740305,0.1280476,0.03355124,0.01,0.029961368,0.01311015,0.21836369,-0.2700729236518449,-0.321786837874162
1.33,-597485440.0,-0.042812289458861,-0.065302737057209,-0.1196404844522476,-0.016624741256237,-0.0587473071729968,-3081270460416.0,0.01,0.01,0.01,0.01,0.01,0.01,0.01,1.0,1.0,1.0,1.0,1.0,1.0,1.0,0.01,0.01,0.01,0.01,0.01,0.01,0.01,0.46740305,0.11288141,0.031077739,0.01,0.027883682,0.0128002325,0.21836369,-0.2716325571797516,-0.050695026788604
1.34,-597485440.0,-0.1094729056573981,-0.0469817221164703,-0.1036861091852188,-0.0094093214720487,-0.0014655232435021,-3081270460416.0,0.01,0.01,0.01,0.01,0.01,0.01,0.01,1.0,1.0,1.0,1.0,1.0,1.0,1.0,0.01,0.01,0.01,0.01,0.01,0.01,0.01,0.46740305,0.100044034,0.028885826,0.01,0.026038751,0.012522366,0.21836369,-0.2708906137860442,0.1585868335551712
1.35,-597485440.0,-0.1346844285726547,-0.0279364120215177,-0.0889777541160583,-0.0151968766003847,0.0597677492070346,-3081270460416.0,0.01,0.01,0.01,0.01,0.01,0.01,0.01,1.0,1.0,1.0,1.0,1.0,1.0,1.0,0.01,0.01,0.01,0.01,0.01,0.05976775,0.01,0.46740305,0.08911503,0.026935006,0.01,0.024393843,0.03509016,0.21836369,-0.2685125489685042,0.2934561575324697
1.36,-597485440.0,-0.124185636639595,-0.0146939102560281,-0.0788923949003219,-0.02519491314888,-0.0428631912308355,-3081270460416.0,0.01,0.01,0.01,0.01,0.01,0.01,0.01,1.0,1.0,1.0,1.0,1.0,1.0,1.0,0.01,0.01,0.01,0.01,0.01,0.01,0.01,0.46740305,0.07971562,0.02519233,0.01,0.022922171,0.035768505,0.21836369,-0.2648025210552641,0.4368962972783118
1.37,-597485440.0,-0.1157456487417221,0.0054368134588003,-0.0685649514198303,-0.0358379036188125,-0.0011363840834419,-3081270460416.0,0.01,0.01,0.01,0.01,0.01,0.01,0.01,1.0,1.0,1.0,1.0,1.0,1.0,1.0,0.01,0.01,0.01,0.01,0.01,0.01,0.01,0.46740305,0.07154343,0.023627533,0.01,0.02159895,0.03304257,0.21836369,-0.2594310644979699,0.6008448713898906
1.38,-597485440.0,-0.1086720526218414,0.0385732091963291,-0.0522934794425964,-0.0479177311062812,-0.00360122991463,-3081270460416.0,0.01,0.01,0.01,0.01,0.01,0.01,0.01,1.0,1.0,1.0,1.0,1.0,1.0,1.0,0.01,0.01,0.03857321,0.01,0.01,0.01,0.01,0.46740305,0.06449881,0.03360358,0.01,0.020420633,0.030691547,0.21836369,-0.2525195173221519,0.7532491959790951
1.39,-597485440.0,-0.1051428020000457,-0.0036793807521462,-0.0338264144957065,-0.0679778158664703,-0.0355225882116881,-3081270460416.0,0.01,0.01,0.01,0.01,0.01,0.01,0.01,1.0,1.0,1.0,1.0,1.0,1.0,1.0,0.01,0.01,0.01,0.01,0.01,0.01,0.01,0.46740305,0.0583585,0.03245083,0.01,0.019365227,0.028540527,0.21836369,-0.2444504011514695,0.8350391196542455
1.4,-597485440.0,-0.1040940508246421,0.0382643081247806,-0.0262386687099933,-0.0882157534360885,-0.0758931372019512,-3081270460416.0,0.01,0.01,0.01,0.01,0.01,0.01,0.01,1.0,1.0,1.0,1.0,1.0,1.0,1.0,0.01,0.01,0.038264308,0.01,0.01,0.01,0.01,0.46740305,0.05297503,0.03625715,0.01,0.018417671,0.026620049,0.21836369,-0.2359013608435407,0.864534027571684
1.41,-597485440.0,-0.1059442013502121,0.0437972843647003,-0.0145632624626159,-0.1052318662405014,-0.1124423322234388,-3081270460416.0,0.01,0.01,0.01,0.01,0.01,0.01,0.01,1.0,1.0,1.0,1.0,1.0,1.0,1.0,0.01,0.01,0.043797284,0.01,0.01,0.01,0.01,0.46740305,0.04825621,0.041368574,0.01,0.017568951,0.024908671,0.21836369,-0.2273248636834417,0.8445596586128761
1.42,-597485440.0,-0.1099710389971733,0.0474843494594097,-0.0171763487160205,-0.1171432211995124,-0.138939057861656,-3081270460416.0,0.01,0.01,0.01,0.01,0.01,0.01,0.01,1.0,1.0,1.0,1.0,1.0,1.0,1.0,0.01,0.01,0.04748435,0.01,0.01,0.01,0.01,0.46740305,0.044093028,0.045612272,0.01,0.016806044,0.02337717,0.21836369,-0.2192334920914649,0.7804876278780982
1.4300000000000002,-597485440.0,-0.0528437211471245,0.0568152777850627,-0.0144580155611038,-0.1231410354375839,-0.1621630915326777,-3081270460416.0,0.01,0.01,0.01,0.01,0.01,0.01,0.01,1.0,1.0,1.0,1.0,1.0,1.0,1.0,0.01,0.01,0.056815278,0.01,0.01,0.01,0.01,0.46740305,0.04041187,0.05299337,0.01,0.016120108,0.022005703,0.21836369,-0.2119651756352214,0.6904604614390883
1.44,-597485440.0,0.0039403900351127,0.0509458184242248,-0.0163595899939537,-0.124029666185379,-0.2071255765242169,-3081270460416.0,0.01,0.01,0.01,0.01,0.01,0.01,0.01,1.0,1.0,1.0,1.0,1.0,1.0,1.0,0.01,0.01,0.05094582,0.01,0.01,0.01,0.01,0.46740305,0.037157528,0.05377359,0.01,0.015504417,0.020779196,0.21836369,-0.2057388256397779,0.5778232342466834
1.4500000000000002,-597485440.0,0.0639163650617584,0.0702682957053184,-0.0203240253031253,-0.1211207062005996,-0.2659837854659778,-3081270460416.0,0.01,0.01,0.01,0.01,0.01,0.01,0.01,1.0,1.0,1.0,1.0,1.0,1.0,1.0,0.01,0.06391636,0.070268296,0.01,0.01,0.01,0.01,0.46740305,0.047108214,0.064166546,0.01,0.014954571,0.019687619,0.21836369,-0.2005833383273504,0.4658542920875579
1.46,-597485440.0,0.0872760522691704,0.0525140911340713,-0.0245111510157585,-0.1164728552103042,-0.3336572229485462,-3081270460416.0,0.01,0.01,0.01,0.01,0.01,0.01,0.01,1.0,1.0,1.0,1.0,1.0,1.0,1.0,0.01,0.08727605,0.05251409,0.01,0.01,0.01,0.01,0.46740305,0.06470606,0.06398418,0.01,0.014460679,0.018709982,0.21836369,-0.1967417385244305,0.3088554727498459
1.4700000000000002,-597485440.0,0.1346398272700983,0.0637407228350639,-0.0305053405463695,-0.1092889904975891,-0.4040860865113084,-3081270460416.0,0.01,0.01,0.01,0.01,0.01,0.01,0.01,1.0,1.0,1.0,1.0,1.0,1.0,1.0,0.01,0.13463983,0.06374072,0.01,0.01,0.01,0.01,0.46740305,0.099684946,0.06373647,0.01,0.014016323,0.017832668,0.21836369,-0.1947784761660614,0.098528416818884
1.48,-597485440.0,0.1617376259202956,0.0627289935946464,-0.0390865132212638,-0.0980808287858963,-0.3972838222980499,-3081270460416.0,0.01,0.01,0.01,0.01,0.01,0.01,0.01,1.0,1.0,1.0,1.0,1.0,1.0,1.0,0.01,0.16173762,0.06272899,0.01,0.01,0.01,0.01,0.46740305,0.13099147,0.063640684,0.01,0.013616452,0.017045021,0.21836369,-0.1952890483375306,-0.1753106147895547
1.4900000000000002,-597485440.0,0.1837987428784012,0.0514077246189117,-0.0498610697686672,-0.0822053924202919,-0.3819858133792877,-3081270460416.0,0.01,0.01,0.01,0.01,0.01,0.01,0.01,1.0,1.0,1.0,1.0,1.0,1.0,1.0,0.01,0.18379875,0.051407725,0.01,0.01,0.01,0.01,0.46740305,0.16127229,0.06243289,0.01,0.01325649,0.01633747,0.21836369,-0.1988500026050788,-0.4938851712582588
1.5,-597485440.0,0.1827626934643388,0.0352450013160705,-0.0638749301433563,-0.0659549161791801,-0.3665537238121032,-3081270460416.0,0.01,0.01,0.01,0.01,0.01,0.01,0.01,1.0,1.0,1.0,1.0,1.0,1.0,1.0,0.01,0.1827627,0.035245,0.01,0.01,0.01,0.01,0.46740305,0.17704916,0.059738487,0.01,0.012932369,0.015701558,0.21836369,-0.2056218813855979,-0.8007546418210298
1.5099999999999998,-597485440.0,0.1750865315167503,0.0123473517596721,-0.0897624716162681,-0.0342260599136352,-0.3343314230442047,-3081270460416.0,0.01,0.01,0.01,0.01,0.01,0.01,0.01,1.0,1.0,1.0,1.0,1.0,1.0,1.0,0.01,0.17508653,0.012347352,0.01,0.01,0.01,0.01,0.46740305,0.18280019,0.0548767,0.01,0.012641058,0.015131011,0.21836369,-0.21506423910556,-1.0397152537429242
1.52,-597485440.0,0.1544441663706734,-0.0145030636340379,-0.1154208928346633,0.0171173885464668,-0.2792982161045074,-3081270460416.0,0.01,0.01,0.01,0.01,0.01,0.01,0.01,1.0,1.0,1.0,1.0,1.0,1.0,1.0,0.01,0.15444417,0.01,0.01,0.017117389,0.01,0.01,0.46740305,0.18046145,0.049975146,0.01,0.015691103,0.014618536,0.21836369,-0.2264590938408822,-1.1988847398308793
1.5299999999999998,-597485440.0,0.1291808464820476,-0.042908638715744,-0.1359202861785888,-0.0138808600604534,-0.2494113445281982,-3081270460416.0,0.01,0.01,0.01,0.01,0.01,0.01,0.01,1.0,1.0,1.0,1.0,1.0,1.0,1.0,0.01,0.12918085,0.01,0.01,0.01,0.01,0.01,0.46740305,0.17476608,0.045623228,0.01,0.015443252,0.014158057,0.21836369,-0.2387275383987964,-1.2314365712817046
1.54,-597485440.0,0.1058259013655957,-0.0690732449293136,-0.1397493183612823,0.0557906962931156,-0.2399236857891082,-3081270460416.0,0.01,0.01,0.01,0.01,0.01,0.01,0.01,1.0,1.0,1.0,1.0,1.0,1.0,1.0,0.01,0.1058259,0.01,0.01,0.055790696,0.01,0.01,0.46740305,0.16614094,0.04179167,0.01,0.043811526,0.013744612,0.21836369,-0.2506802950974436,-1.1341594272505755
1.5500000000000005,-597485440.0,0.0918838693345605,-0.0877762213349342,-0.1497705727815628,-0.0843197330832481,-0.2151959404688627,-3081270460416.0,0.01,0.01,0.01,0.01,0.01,0.01,0.01,1.0,1.0,1.0,1.0,1.0,1.0,1.0,0.01,0.09188387,0.01,0.01,0.01,0.01,0.01,0.46740305,0.15646854,0.038404025,0.01,0.041894253,0.013372736,0.21836369,-0.2603619354702323,-0.7992435649947301
1.56,-597485440.0,0.0666773384553967,-0.0911793485283851,-0.1465027630329132,-0.0323323048651218,-0.1707745982453,-3081270460416.0,0.01,0.01,0.01,0.01,0.01,0.01,0.01,1.0,1.0,1.0,1.0,1.0,1.0,1.0,0.01,0.06667734,0.01,0.01,0.01,0.01,0.01,0.46740305,0.14594384,0.035396397,0.01,0.038488314,0.013037558,0.21836369,-0.2658341983321842,-0.3489528790582568
1.5699999999999998,-597485440.0,0.0279916436135878,-0.0756253153085708,-0.1266939789056778,-0.0078237857669591,-0.1352158824303684,-3081270460416.0,0.01,0.01,0.01,0.01,0.01,0.01,0.01,1.0,1.0,1.0,1.0,1.0,1.0,1.0,0.01,0.027991643,0.01,0.01,0.01,0.01,0.01,0.46740305,0.13262025,0.032729693,0.01,0.03547424,0.012736229,0.21836369,-0.2670057102075858,0.0493537204511963
1.58,-597485440.0,-0.018772043594103,-0.0497797057032585,-0.1032316088676452,-0.002428775653243,-0.0908407957399156,-3081270460416.0,0.01,0.01,0.01,0.01,0.01,0.01,0.01,1.0,1.0,1.0,1.0,1.0,1.0,1.0,0.01,0.01,0.01,0.01,0.01,0.01,0.01,0.46740305,0.11735889,0.030361405,0.01,0.032801997,0.0124652935,0.21836369,-0.2650349450857693,0.2931586425857155
1.59,-597485440.0,-0.0786764131876389,-0.023318002000451,-0.0831385627388954,-0.0133240018039941,-0.0347748496436636,-3081270460416.0,0.01,0.01,0.01,0.01,0.01,0.01,0.01,1.0,1.0,1.0,1.0,1.0,1.0,1.0,0.01,0.01,0.01,0.01,0.01,0.01,0.01,0.46740305,0.10388645,0.028252592,0.01,0.030426081,0.012221389,0.21836369,-0.261539902830456,0.3752229335374581
1.6,-597485440.0,-0.1102579534053802,-0.0062426254153251,-0.0723384395241737,-0.0257595367729663,0.0297540213160603,-3081270460416.0,0.01,0.01,0.01,0.01,0.01,0.01,0.01,1.0,1.0,1.0,1.0,1.0,1.0,1.0,0.01,0.01,0.01,0.01,0.01,0.029754022,0.01,0.46740305,0.092388056,0.026368558,0.01,0.028306188,0.01876188,0.21836369,-0.2578189599413925,0.3626847917260503
1.61,-597485440.0,-0.1013721004128456,0.0142729021608829,-0.0629908740520477,-0.0349627695977687,0.0032811878762932,-3081270460416.0,0.01,0.01,0.01,0.01,0.01,0.01,0.01,1.0,1.0,1.0,1.0,1.0,1.0,1.0,0.01,0.01,0.014272902,0.01,0.01,0.01,0.01,0.46740305,0.08252683,0.025058022,0.01,0.026415156,0.020017935,0.21836369,-0.2542190415830186,0.3687727080262298
1.62,-597485440.0,-0.1027611345052719,0.0270340368151664,-0.0567221045494079,-0.0417401902377605,0.0228554540960113,-3081270460416.0,0.01,0.01,0.01,0.01,0.01,0.01,0.01,1.0,1.0,1.0,1.0,1.0,1.0,1.0,0.01,0.01,0.027034037,0.01,0.01,0.022855453,0.01,0.46740305,0.07402641,0.026340785,0.01,0.024727538,0.022388246,0.21836369,-0.2501605538477086,0.4429103657100403
1.63,-597485440.0,-0.1068734601140022,0.0184086374938488,-0.0506857074797153,-0.048459243029356,-0.0044328997536897,-3081270460416.0,0.01,0.01,0.01,0.01,0.01,0.01,0.01,1.0,1.0,1.0,1.0,1.0,1.0,1.0,0.01,0.01,0.018408637,0.01,0.01,0.01,0.01,0.46740305,0.066642284,0.025770197,0.01,0.023216909,0.021400211,0.21836369,-0.2450863978455962,0.5558387777932831
1.64,-597485440.0,-0.1090174838900566,0.0369499400258064,-0.0445828288793563,-0.0603221245110034,-0.030101859563577,-3081270460416.0,0.01,0.01,0.01,0.01,0.01,0.01,0.01,1.0,1.0,1.0,1.0,1.0,1.0,1.0,0.01,0.01,0.03694994,0.01,0.01,0.01,0.01,0.46740305,0.06020634,0.032934852,0.01,0.021864658,0.020239284,0.21836369,-0.2387812437910411,0.6801704353331175
1.65,-597485440.0,-0.1092884987592697,0.0088255228474736,-0.0308665186166763,-0.075221411883831,-0.0679826468219924,-3081270460416.0,0.01,0.01,0.01,0.01,0.01,0.01,0.01,1.0,1.0,1.0,1.0,1.0,1.0,1.0,0.01,0.01,0.01,0.01,0.01,0.01,0.01,0.46740305,0.054604385,0.03167974,0.01,0.020658454,0.019202668,0.21836369,-0.231475638466884,0.7584505621740861
1.66,-597485440.0,-0.1096196770668029,0.0488713420927524,-0.0313935615122318,-0.0908361226320266,-0.106302541964789,-3081270460416.0,0.01,0.01,0.01,0.01,0.01,0.01,0.01,1.0,1.0,1.0,1.0,1.0,1.0,1.0,0.01,0.01,0.048871342,0.01,0.01,0.01,0.01,0.46740305,0.049695384,0.043083116,0.01,0.019578947,0.018274099,0.21836369,-0.2236880444311193,0.7866132162227575
1.67,-597485440.0,-0.1114860102534294,0.0211002863943576,-0.0209092237055301,-0.1046324372291565,-0.136328110291064,-3081270460416.0,0.01,0.01,0.01,0.01,0.01,0.01,0.01,1.0,1.0,1.0,1.0,1.0,1.0,1.0,0.01,0.01,0.021100286,0.01,0.01,0.01,0.01,0.46740305,0.045371737,0.042228274,0.01,0.018610517,0.017440414,0.21836369,-0.2159875701563654,0.7481667352496729
1.6800000000000002,-597485440.0,-0.0605568363736223,0.0576745942234993,-0.015867993235588,-0.1142985746264457,-0.160786887180275,-3081270460416.0,0.01,0.01,0.01,0.01,0.01,0.01,0.01,1.0,1.0,1.0,1.0,1.0,1.0,1.0,0.01,0.01,0.057674594,0.01,0.01,0.01,0.01,0.46740305,0.04156145,0.05222167,0.01,0.01774277,0.016692862,0.21836369,-0.2089093853785948,0.6732887561599462
1.69,-597485440.0,-0.0027463988490151,0.0419626012444496,-0.0163445360958576,-0.1186310052871704,-0.2044755182509016,-3081270460416.0,0.01,0.01,0.01,0.01,0.01,0.01,0.01,1.0,1.0,1.0,1.0,1.0,1.0,1.0,0.01,0.01,0.0419626,0.01,0.01,0.01,0.01,0.46740305,0.038172167,0.052755,0.01,0.016960008,0.016018108,0.21836369,-0.2028075230344324,0.5679546004754391
1.7000000000000002,-597485440.0,0.0569359058335967,0.063443124294281,-0.020077422261238,-0.1179454624652862,-0.2617893031830245,-3081270460416.0,0.01,0.01,0.01,0.01,0.01,0.01,0.01,1.0,1.0,1.0,1.0,1.0,1.0,1.0,0.01,0.056935906,0.063443124,0.01,0.01,0.01,0.01,0.46740305,0.04422901,0.059208155,0.01,0.016259652,0.015414026,0.21836369,-0.1977826679076743,0.4597598941133072
1.71,-597485440.0,0.0857319101952145,0.0554603487253189,-0.0243970081210136,-0.1142822802066803,-0.3279366032324213,-3081270460416.0,0.01,0.01,0.01,0.01,0.01,0.01,0.01,1.0,1.0,1.0,1.0,1.0,1.0,1.0,0.01,0.08573191,0.05546035,0.01,0.01,0.01,0.01,0.46740305,0.06269868,0.05945594,0.01,0.015633604,0.014873744,0.21836369,-0.1938818518755146,0.3268878694921491
1.7200000000000002,-597485440.0,0.1293000005430646,0.0645038932561874,-0.029441887512803,-0.1086886972188949,-0.3982518092415187,-3081270460416.0,0.01,0.01,0.01,0.01,0.01,0.01,0.01,1.0,1.0,1.0,1.0,1.0,1.0,1.0,0.01,0.1293,0.06450389,0.01,0.01,0.01,0.01,0.46740305,0.095929444,0.06256052,0.01,0.015070613,0.014387656,0.21836369,-0.1915701853080176,0.1456999698669807
1.73,-597485440.0,0.1599330581733942,0.0572989806532859,-0.0367224738001823,-0.0996697694063186,-0.4023115336894989,-3081270460416.0,0.01,0.01,0.01,0.01,0.01,0.01,0.01,1.0,1.0,1.0,1.0,1.0,1.0,1.0,0.01,0.15993306,0.05729898,0.01,0.01,0.01,0.01,0.46740305,0.12796041,0.062334154,0.01,0.0145645095,0.013950503,0.21836369,-0.1915118286745183,-0.1148342314687829
1.7400000000000002,-597485440.0,0.1835890083101712,0.0510427579283714,-0.0466250292956829,-0.0858454853296279,-0.3879469931125641,-3081270460416.0,0.01,0.01,0.01,0.01,0.01,0.01,0.01,1.0,1.0,1.0,1.0,1.0,1.0,1.0,0.01,0.18358901,0.051042758,0.01,0.01,0.01,0.01,0.46740305,0.15923701,0.061168954,0.01,0.014109349,0.013557204,0.21836369,-0.1944630151716317,-0.4396085038971983
1.75,-597485440.0,0.1852045316080723,0.0374352522194385,-0.0584175437688827,-0.0702295303344726,-0.3719229996204376,-3081270460416.0,0.01,0.01,0.01,0.01,0.01,0.01,0.01,1.0,1.0,1.0,1.0,1.0,1.0,1.0,0.01,0.18520454,0.037435252,0.01,0.01,0.01,0.01,0.46740305,0.17715822,0.05880415,0.01,0.013699479,0.013202922,0.21836369,-0.2008184783640506,-0.7710321761806554
1.7599999999999998,-597485440.0,0.1783323845437998,0.0159790143370628,-0.0843845531344413,-0.0419595688581466,-0.3436077833175659,-3081270460416.0,0.01,0.01,0.01,0.01,0.01,0.01,0.01,1.0,1.0,1.0,1.0,1.0,1.0,1.0,0.01,0.17833239,0.015979014,0.01,0.01,0.01,0.01,0.46740305,0.18412855,0.054436587,0.01,0.01333119,0.012884484,0.21836369,-0.2101332788816325,-1.0385895633244815
1.77,-597485440.0,0.158717042668773,-0.0117661152034997,-0.1118020713329315,0.0122681185603141,-0.287776917219162,-3081270460416.0,0.01,0.01,0.01,0.01,0.01,0.01,0.01,1.0,1.0,1.0,1.0,1.0,1.0,1.0,0.01,0.15871704,0.01,0.01,0.012268119,0.01,0.01,0.46740305,0.18226668,0.049653113,0.01,0.013187248,0.0125979455,0.21836369,-0.2216879935412642,-1.2314373914817218
1.7799999999999998,-597485440.0,0.1331188290199867,-0.0412455089390277,-0.1350437253713607,0.0415303409099578,-0.2526535093784332,-3081270460416.0,0.01,0.01,0.01,0.01,0.01,0.01,0.01,1.0,1.0,1.0,1.0,1.0,1.0,1.0,0.01,0.13311882,0.01,0.01,0.04153034,0.01,0.01,0.46740305,0.1767995,0.045344926,0.01,0.033015355,0.012340566,0.21836369,-0.2345742871870529,-1.303836330552277
1.79,-597485440.0,0.107496806001296,-0.0701153725385665,-0.1509701013565063,-0.0755693167448043,-0.2388516366481781,-3081270460416.0,0.01,0.01,0.01,0.01,0.01,0.01,0.01,1.0,1.0,1.0,1.0,1.0,1.0,1.0,0.01,0.107496805,0.01,0.01,0.01,0.01,0.01,0.46740305,0.16820185,0.041545976,0.01,0.031864885,0.0121089555,0.21836369,-0.2468210919415606,-1.1228675231250809
1.8000000000000005,-597485440.0,0.0930835899412363,-0.0889267325401306,-0.1466313153505325,-0.0262796450406312,-0.2269675373262218,-3081270460416.0,0.01,0.01,0.01,0.01,0.01,0.01,0.01,1.0,1.0,1.0,1.0,1.0,1.0,1.0,0.01,0.09308359,0.01,0.01,0.01,0.01,0.01,0.46740305,0.15843093,0.038181577,0.01,0.02958765,0.011900148,0.21836369,-0.2561729363334307,-0.7753937241330934
1.81,-597485440.0,0.0732146549753151,-0.089351013302803,-0.1426447033882141,0.0278113149106502,-0.1856914029192142,-3081270460416.0,0.01,0.01,0.01,0.01,0.01,0.01,0.01,1.0,1.0,1.0,1.0,1.0,1.0,1.0,0.01,0.07321466,0.01,0.01,0.027811315,0.01,0.01,0.46740305,0.14827873,0.035195597,0.01,0.02904502,0.011711853,0.21836369,-0.2618874241462311,-0.4325129821688244
1.82,-597485440.0,0.035415585823283,-0.075067713856697,-0.1261112987995147,0.0175666771829128,-0.1446431033478438,-3081270460416.0,0.01,0.01,0.01,0.01,0.01,0.01,0.01,1.0,1.0,1.0,1.0,1.0,1.0,1.0,0.01,0.035415586,0.01,0.01,0.017566677,0.01,0.01,0.46740305,0.13562192,0.032548893,0.01,0.02799888,0.011542491,0.21836369,-0.2646934224578475,-0.1770536688965029
1.83,-597485440.0,-0.0147611442555478,-0.0560357421636581,-0.1096316426992416,0.0056165680289268,-0.093635140742251,-3081270460416.0,0.01,0.01,0.01,0.01,0.01,0.01,0.01,1.0,1.0,1.0,1.0,1.0,1.0,1.0,0.01,0.01,0.01,0.01,0.01,0.01,0.01,0.46740305,0.12026348,0.030195666,0.01,0.026246492,0.011389954,0.21836369,-0.2654663558753047,-0.0127003761661065
1.84,-597485440.0,-0.0789858373514615,-0.0378143787384033,-0.0960479974746704,-0.0035227984189987,-0.0330274334261703,-3081270460416.0,0.01,0.01,0.01,0.01,0.01,0.01,0.01,1.0,1.0,1.0,1.0,1.0,1.0,1.0,0.01,0.01,0.01,0.01,0.01,0.01,0.01,0.46740305,0.10630503,0.028100343,0.01,0.024577558,0.011252557,0.21836369,-0.2650377945738608,0.0769526194300097
1.85,-597485440.0,-0.1267744302749633,-0.0230783242732286,-0.0861118137836456,-0.0133243519812822,0.0339964397475423,-3081270460416.0,0.01,0.01,0.01,0.01,0.01,0.01,0.01,1.0,1.0,1.0,1.0,1.0,1.0,1.0,0.01,0.01,0.01,0.01,0.01,0.03399644,0.01,0.46740305,0.0944432,0.02623171,0.01,0.023085965,0.020460458,0.21836369,-0.2639635869929937,0.1282621038342392
1.86,-597485440.0,-0.1208083853125572,-0.0153360608965158,-0.0799019411206245,-0.0216006338596344,0.0067016721815855,-3081270460416.0,0.01,0.01,0.01,0.01,0.01,0.01,0.01,1.0,1.0,1.0,1.0,1.0,1.0,1.0,0.01,0.01,0.01,0.01,0.01,0.01,0.01,0.46740305,0.08428685,0.024563052,0.01,0.02175143,0.022215517,0.21836369,-0.2622735281133255,0.209504393777155
1.87,-597485440.0,-0.1187203377485275,-0.0053316298872232,-0.0756603181362152,-0.0292193200439214,0.0337860286612129,-3081270460416.0,0.01,0.01,0.01,0.01,0.01,0.01,0.01,1.0,1.0,1.0,1.0,1.0,1.0,1.0,0.01,0.01,0.01,0.01,0.01,0.03378603,0.01,0.46740305,0.07554255,0.02307227,0.01,0.020557087,0.029872045,0.21836369,-0.2594455244582312,0.3453279205814373
1.88,-597485440.0,-0.1178599521517753,0.0094554666429758,-0.0685989260673523,-0.0379999950528144,-0.0131776130933148,-3081270460416.0,0.01,0.01,0.01,0.01,0.01,0.01,0.01,1.0,1.0,1.0,1.0,1.0,1.0,1.0,0.01,0.01,0.01,0.01,0.01,0.01,0.01,0.46740305,0.06797292,0.021739177,0.01,0.019487422,0.028886624,0.21836369,-0.2549820305925476,0.5275391072286865
1.89,-597485440.0,-0.1155902743339538,0.0322341099381446,-0.0565693154931068,-0.0482093133032321,-0.0292694491660983,-3081270460416.0,0.01,0.01,0.01,0.01,0.01,0.01,0.01,1.0,1.0,1.0,1.0,1.0,1.0,1.0,0.01,0.01,0.03223411,0.01,0.01,0.01,0.01,0.46740305,0.061363988,0.028492594,0.01,0.018525837,0.026925672,0.21836369,-0.2485420594971429,0.7174608274949104
1.9,-597485440.0,-0.1108657717704773,-0.0001225108280777,-0.0379013568162918,-0.0681647807359695,-0.0620303995110489,-3081270460416.0,0.01,0.01,0.01,0.01,0.01,0.01,0.01,1.0,1.0,1.0,1.0,1.0,1.0,1.0,0.01,0.01,0.01,0.01,0.01,0.01,0.01,0.46740305,0.05561955,0.02755583,0.01,0.017666742,0.025183108,0.21836369,-0.240562943584636,0.8494189084245906
1.91,-597485440.0,-0.1075343266129493,0.0445014499127864,-0.0224594213068485,-0.0902623683214187,-0.0999660868171349,-3081270460416.0,0.01,0.01,0.01,0.01,0.01,0.01,0.01,1.0,1.0,1.0,1.0,1.0,1.0,1.0,0.01,0.01,0.04450145,0.01,0.01,0.01,0.01,0.46740305,0.05058711,0.03890342,0.01,0.016896244,0.023627486,0.21836369,-0.2315965702179214,0.921307070090022
1.92,-597485440.0,-0.1065037474036216,0.0152513021603226,-0.0225293301045894,-0.1106193289160728,-0.132878703541541,-3081270460416.0,0.01,0.01,0.01,0.01,0.01,0.01,0.01,1.0,1.0,1.0,1.0,1.0,1.0,1.0,0.01,0.01,0.015251302,0.01,0.01,0.01,0.01,0.46740305,0.0461622,0.037622225,0.01,0.01620457,0.022236766,0.21836369,-0.22243021276342,0.9008775280630372
1.93,-597485440.0,-0.0619284632598847,0.0669576898217201,-0.0114588662981987,-0.1250584572553634,-0.1591292405118919,-3081270460416.0,0.01,0.01,0.01,0.01,0.01,0.01,0.01,1.0,1.0,1.0,1.0,1.0,1.0,1.0,0.01,0.01,0.06695769,0.01,0.01,0.01,0.01,0.46740305,0.042263817,0.057423726,0.01,0.015583796,0.020993251,0.21836369,-0.2138037806335673,0.8229438380965851
1.94,-597485440.0,-0.0039620583805451,0.0269054397940635,-0.0089007355272769,-0.1316983103752136,-0.2030037799906965,-3081270460416.0,0.01,0.01,0.01,0.01,0.01,0.01,0.01,1.0,1.0,1.0,1.0,1.0,1.0,1.0,0.01,0.01,0.02690544,0.01,0.01,0.01,0.01,0.46740305,0.038812578,0.056264635,0.01,0.0150252655,0.019878073,0.21836369,-0.2063938922039074,0.6694490601021209
1.95,-597485440.0,0.054097946606228,0.0589376874268054,-0.0134152434766292,-0.1304560899734497,-0.2597279346157322,-3081270460416.0,0.01,0.01,0.01,0.01,0.01,0.01,0.01,1.0,1.0,1.0,1.0,1.0,1.0,1.0,0.01,0.054097947,0.058937687,0.01,0.01,0.01,0.01,0.46740305,0.0432846,0.057764743,0.01,0.014523446,0.018879117,0.21836369,-0.2007273783964843,0.4905476590902229
1.96,-597485440.0,0.081458196127418,0.0700575858354568,-0.0212171673774719,-0.1229104027152061,-0.3226079044124451,-3081270460416.0,0.01,0.01,0.01,0.01,0.01,0.01,0.01,1.0,1.0,1.0,1.0,1.0,1.0,1.0,0.01,0.081458196,0.070057586,0.01,0.01,0.01,0.01,0.46740305,0.05955475,0.065629035,0.01,0.014073003,0.017984867,0.21836369,-0.1968064333873426,0.3103108162528918
1.97,-597485440.0,0.1271572046283463,0.0563432276248931,-0.0294214859604835,-0.1126259937882423,-0.3889953926234523,-3081270460416.0,0.01,0.01,0.01,0.01,0.01,0.01,0.01,1.0,1.0,1.0,1.0,1.0,1.0,1.0,0.01,0.12715721,0.056343228,0.01,0.01,0.01,0.01,0.46740305,0.09349109,0.06595004,0.01,0.013666688,0.017180098,0.21836369,-0.1948852497713157,0.1000322575009398
1.98,-597485440.0,0.1528229007257454,0.0576007664203643,-0.039008691906929,-0.0993902534246444,-0.3992568850517273,-3081270460416.0,0.01,0.01,0.01,0.01,0.01,0.01,0.01,1.0,1.0,1.0,1.0,1.0,1.0,1.0,0.01,0.1528229,0.057600766,0.01,0.01,0.01,0.01,0.46740305,0.12240035,0.06497961,0.01,0.013302193,0.01645976,0.21836369,-0.1953335335626248,-0.1673306507392203
1.99,-597485440.0,0.182511394808383,0.0505358092486858,-0.0496287830173969,-0.0832341238856315,-0.3833668529987335,-3081270460416.0,0.01,0.01,0.01,0.01,0.01,0.01,0.01,1.0,1.0,1.0,1.0,1.0,1.0,1.0,0.01,0.18251139,0.05053581,0.01,0.01,0.01,0.01,0.46740305,0.1553893,0.06349671,0.01,0.012973272,0.01581095,0.21836369,-0.1987641096362235,-0.46804451083301
2.0,-597485440.0,0.1806012143248211,0.0357489846646785,-0.0631860941648483,-0.0668256357312202,-0.367563784122467,-3081270460416.0,0.01,0.01,0.01,0.01,0.01,0.01,0.01,1.0,1.0,1.0,1.0,1.0,1.0,1.0,0.01,0.18060121,0.035748985,0.01,0.01,0.01,0.01,0.46740305,0.17305496,0.060755245,0.01,0.01267695,0.015227455,0.21836369,-0.205247906288601,-0.7612630654098581
2.01,-597485440.0,0.1770236052005488,0.0139283463358879,-0.0883296132087707,-0.0370253026485443,-0.3373524844646454,-3081270460416.0,0.01,0.01,0.01,0.01,0.01,0.01,0.01,1.0,1.0,1.0,1.0,1.0,1.0,1.0,0.01,0.1770236,0.013928346,0.01,0.01,0.01,0.01,0.46740305,0.18100967,0.055962585,0.01,0.012410958,0.01470453,0.21836369,-0.214306339557631,-1.0004309108409826
2.02,-597485440.0,0.1585264484204772,-0.0119253415614366,-0.1130311042070388,0.0120161101222038,-0.2848334610462188,-3081270460416.0,0.01,0.01,0.01,0.01,0.01,0.01,0.01,1.0,1.0,1.0,1.0,1.0,1.0,1.0,0.01,0.15852645,0.01,0.01,0.01201611,0.01,0.01,0.46740305,0.17959605,0.050957423,0.01,0.01233461,0.014234563,0.21836369,-0.2254153660248048,-1.1815070740655995
2.03,-597485440.0,0.134269179115772,-0.0396460369229316,-0.1338444352149963,0.0372509099543094,-0.2524410486221313,-3081270460416.0,0.01,0.01,0.01,0.01,0.01,0.01,0.01,1.0,1.0,1.0,1.0,1.0,1.0,1.0,0.01,0.13426918,0.01,0.01,0.03725091,0.01,0.01,0.46740305,0.1746923,0.046494693,0.01,0.029670304,0.013813305,0.21836369,-0.2378119871520559,-1.2574223875730068
2.04,-597485440.0,0.1087159649040553,-0.0670365095138549,-0.1400074660778045,-0.072171613574028,-0.2388485968112945,-3081270460416.0,0.01,0.01,0.01,0.01,0.01,0.01,0.01,1.0,1.0,1.0,1.0,1.0,1.0,1.0,0.01,0.10871597,0.01,0.01,0.01,0.01,0.01,0.46740305,0.16665143,0.04255991,0.01,0.028799575,0.013434373,0.21836369,-0.2497363531953024,-1.107105048061598
2.0500000000000003,-597485440.0,0.0933503450273041,-0.0858009085059166,-0.1487389504909515,-0.0252821203321218,-0.2356295365305744,-3081270460416.0,0.01,0.01,0.01,0.01,0.01,0.01,0.01,1.0,1.0,1.0,1.0,1.0,1.0,1.0,0.01,0.09335034,0.01,0.01,0.01,0.01,0.01,0.46740305,0.15722671,0.039077908,0.01,0.02685602,0.013093065,0.21836369,-0.2591571391869671,-0.802006458202351
2.06,-597485440.0,0.0775180745716502,-0.0883458852767944,-0.144695907831192,0.0294582657516002,-0.1910140026708745,-3081270460416.0,0.01,0.01,0.01,0.01,0.01,0.01,0.01,1.0,1.0,1.0,1.0,1.0,1.0,1.0,0.01,0.077518076,0.01,0.01,0.029458266,0.01,0.01,0.46740305,0.14773385,0.035985157,0.01,0.028468082,0.012785143,0.21836369,-0.2653098873706652,-0.4924828084421512
2.0700000000000003,-597485440.0,0.0412572007560686,-0.0769846215844154,-0.1295837610960006,0.0035223215818405,-0.1492850243471168,-3081270460416.0,0.01,0.01,0.01,0.01,0.01,0.01,0.01,1.0,1.0,1.0,1.0,1.0,1.0,1.0,0.01,0.0412572,0.01,0.01,0.01,0.01,0.01,0.46740305,0.13587457,0.033248752,0.01,0.027066926,0.012508685,0.21836369,-0.2687185642221461,-0.2351241061385622
2.08,-597485440.0,-0.0083037571530019,-0.0603529177606105,-0.1142382994294166,0.0081613212823867,-0.0985618863826192,-3081270460416.0,0.01,0.01,0.01,0.01,0.01,0.01,0.01,1.0,1.0,1.0,1.0,1.0,1.0,1.0,0.01,0.01,0.01,0.01,0.01,0.01,0.01,0.46740305,0.12095278,0.030818,0.01,0.025309883,0.012259941,0.21836369,-0.2699743757657583,-0.0532951469586974
2.09,-597485440.0,-0.0710417432280311,-0.0429884605109691,-0.1005820110440254,0.0005370266735553,-0.0393294229181932,-3081270460416.0,0.01,0.01,0.01,0.01,0.01,0.01,0.01,1.0,1.0,1.0,1.0,1.0,1.0,1.0,0.01,0.01,0.01,0.01,0.01,0.01,0.01,0.46740305,0.10688586,0.02865451,0.01,0.023740722,0.012036008,0.21836369,-0.2698485270274285,0.0537714132652019
2.1,-597485440.0,-0.1316157728433609,-0.0279773846268653,-0.0900851637125015,-0.0099367145448923,0.0269081645904706,-3081270460416.0,0.01,0.01,0.01,0.01,0.01,0.01,0.01,1.0,1.0,1.0,1.0,1.0,1.0,1.0,0.01,0.01,0.01,0.01,0.01,0.026908165,0.01,0.46740305,0.0949341,0.026725454,0.01,0.022337377,0.017385025,0.21836369,-0.2689369921744157,0.1157514188859947
2.11,-597485440.0,-0.124944232404232,-0.0194513797760009,-0.0825492069125175,-0.0188483949750661,0.0376452968209896,-3081270460416.0,0.01,0.01,0.01,0.01,0.01,0.01,0.01,1.0,1.0,1.0,1.0,1.0,1.0,1.0,0.01,0.01,0.01,0.01,0.01,0.037645295,0.01,0.46740305,0.08471088,0.025004232,0.01,0.021081839,0.02620859,0.21836369,-0.2674110964822336,0.1868383160203128
2.12,-597485440.0,-0.1220243424177169,-0.0100366966798901,-0.0785059109330177,-0.0266068316996097,0.0091960950234503,-3081270460416.0,0.01,0.01,0.01,0.01,0.01,0.01,0.01,1.0,1.0,1.0,1.0,1.0,1.0,1.0,0.01,0.01,0.01,0.01,0.01,0.01,0.01,0.46740305,0.075915754,0.02346752,0.01,0.019958174,0.026701817,0.21836369,-0.2648698548624366,0.3157835265632729
2.13,-597485440.0,-0.1209600716829299,0.003489788621664,-0.0721634626388549,-0.0350553877651691,0.0162510789530999,-3081270460416.0,0.01,0.01,0.01,0.01,0.01,0.01,0.01,1.0,1.0,1.0,1.0,1.0,1.0,1.0,0.01,0.01,0.01,0.01,0.01,0.01625108,0.01,0.46740305,0.06828568,0.022091122,0.01,0.018949589,0.026450567,0.21836369,-0.2607321962220758,0.4869319326894445
2.14,-597485440.0,-0.1184907704591751,0.0251928158104419,-0.0609559789299964,-0.0450347773730754,-0.0106898401629605,-3081270460416.0,0.01,0.01,0.01,0.01,0.01,0.01,0.01,1.0,1.0,1.0,1.0,1.0,1.0,1.0,0.01,0.01,0.025192816,0.01,0.01,0.01,0.01,0.46740305,0.061615128,0.024078034,0.01,0.018041445,0.024903381,0.21836369,-0.2547539245915307,0.6627648785109499
2.15,-597485440.0,-0.1140201240777969,0.0184244886040687,-0.0433063730597496,-0.0633036568760871,-0.0470397933932616,-3081270460416.0,0.01,0.01,0.01,0.01,0.01,0.01,0.01,1.0,1.0,1.0,1.0,1.0,1.0,1.0,0.01,0.01,0.018424489,0.01,0.01,0.01,0.01,0.46740305,0.055823863,0.023875635,0.01,0.017230408,0.02337341,0.21836369,-0.2472575493046379,0.8043668274986437
2.16,-597485440.0,-0.1109531819820404,0.0539410635828971,-0.0257217250764369,-0.0845409035682678,-0.0874123514589091,-3081270460416.0,0.01,0.01,0.01,0.01,0.01,0.01,0.01,1.0,1.0,1.0,1.0,1.0,1.0,1.0,0.01,0.01,0.053941064,0.01,0.01,0.01,0.01,0.46740305,0.050767668,0.044833425,0.01,0.016504722,0.022009771,0.21836369,-0.2386086798559517,0.9019325201857532
2.17,-597485440.0,-0.1092730239033699,-0.0109733715653419,-0.0117916464805603,-0.1049230992794036,-0.1234229927428079,-3081270460416.0,0.01,0.01,0.01,0.01,0.01,0.01,0.01,1.0,1.0,1.0,1.0,1.0,1.0,1.0,0.01,0.01,0.01,0.01,0.01,0.01,0.01,0.46740305,0.04632172,0.042913467,0.01,0.015853046,0.02078933,0.21836369,-0.2295547038383089,0.8900148176580012
2.18,-597485440.0,-0.0783890402758432,0.0294949915260076,0.0054171681404113,-0.120316594839096,-0.1485683929019252,-3081270460416.0,0.01,0.01,0.01,0.01,0.01,0.01,0.01,1.0,1.0,1.0,1.0,1.0,1.0,1.0,0.01,0.01,0.029494992,0.01,0.01,0.01,0.01,0.46740305,0.04240212,0.041198023,0.01,0.015267655,0.019696342,0.21836369,-0.2211453837517615,0.7969268613366327
2.19,-597485440.0,-0.021487853255183,0.0764177739620208,-0.0146471299231052,-0.1267935335636139,-0.1870987977709285,-3081270460416.0,0.01,0.01,0.01,0.01,0.01,0.01,0.01,1.0,1.0,1.0,1.0,1.0,1.0,1.0,0.01,0.01,0.076417774,0.01,0.01,0.01,0.01,0.46740305,0.038938634,0.06514308,0.01,0.014741673,0.018716944,0.21836369,-0.2137820169198312,0.6833026523050522
2.2,-597485440.0,0.0358378250443882,0.0260105058550834,-0.0165326185524463,-0.1264834702014923,-0.2410070458101121,-3081270460416.0,0.01,0.01,0.01,0.01,0.01,0.01,0.01,1.0,1.0,1.0,1.0,1.0,1.0,1.0,0.01,0.035837825,0.026010506,0.01,0.01,0.01,0.01,0.46740305,0.036728553,0.06374924,0.01,0.0142678805,0.017836837,0.21836369,-0.2078885193527032,0.5146924902239661
2.21,-597485440.0,0.0897772973848253,0.0498231872916221,-0.0228060632944107,-0.1205566972494125,-0.3031658830772942,-3081270460416.0,0.01,0.01,0.01,0.01,0.01,0.01,0.01,1.0,1.0,1.0,1.0,1.0,1.0,1.0,0.01,0.0897773,0.049823187,0.01,0.01,0.01,0.01,0.46740305,0.062107194,0.061749604,0.01,0.013843119,0.017049585,0.21836369,-0.203809519626629,0.3203024925431662
2.22,-597485440.0,0.0932545627201386,0.0653885453939437,-0.0310149732977151,-0.1106310039758682,-0.3691578236723208,-3081270460416.0,0.01,0.01,0.01,0.01,0.01,0.01,0.01,1.0,1.0,1.0,1.0,1.0,1.0,1.0,0.01,0.093254566,0.065388545,0.01,0.01,0.01,0.01,0.46740305,0.07528105,0.06407997,0.01,0.013461426,0.016343554,0.21836369,-0.2017817472597071,0.1022069592917183
2.23,-597485440.0,0.1648238736880568,0.0569263063371181,-0.0406384989619255,-0.0975226983428001,-0.3974755406379699,-3081270460416.0,0.01,0.01,0.01,0.01,0.01,0.01,0.01,1.0,1.0,1.0,1.0,1.0,1.0,1.0,0.01,0.16482387,0.056926306,0.01,0.01,0.01,0.01,0.46740305,0.1210302,0.0634932,0.01,0.013117979,0.015709383,0.21836369,-0.2020185973269803,-0.132729317022047
2.24,-597485440.0,0.1608921601343982,0.0487727224826812,-0.0509625561535358,-0.0818901285529136,-0.3820025324821472,-3081270460416.0,0.01,0.01,0.01,0.01,0.01,0.01,0.01,1.0,1.0,1.0,1.0,1.0,1.0,1.0,0.01,0.16089216,0.048772722,0.01,0.01,0.01,0.01,0.46740305,0.14242625,0.0619584,0.01,0.012808339,0.015138527,0.21836369,-0.2048888093388876,-0.4123023136912342
2.25,-597485440.0,0.1880380707692042,0.0350518599152565,-0.0621506609022617,-0.0665263310074806,-0.3671024739742279,-3081270460416.0,0.01,0.01,0.01,0.01,0.01,0.01,0.01,1.0,1.0,1.0,1.0,1.0,1.0,1.0,0.01,0.18803807,0.03505186,0.01,0.01,0.01,0.01,0.46740305,0.16998048,0.059132773,0.01,0.012529711,0.014625582,0.21836369,-0.2106175323922541,-0.693858468487974
2.26,-597485440.0,0.1729152966277348,0.0171896331012249,-0.0848890542984008,-0.0425901040434837,-0.3428888916969299,-3081270460416.0,0.01,0.01,0.01,0.01,0.01,0.01,0.01,1.0,1.0,1.0,1.0,1.0,1.0,1.0,0.01,0.1729153,0.017189633,0.01,0.01,0.01,0.01,0.46740305,0.17808591,0.054821342,0.01,0.012278438,0.014163578,0.21836369,-0.2190212987022439,-0.9382948851917464
2.27,-597485440.0,0.1618703531369194,-0.0086990054696798,-0.1091836094856262,0.0029063895344734,-0.2949962913990021,-3081270460416.0,0.01,0.01,0.01,0.01,0.01,0.01,0.01,1.0,1.0,1.0,1.0,1.0,1.0,1.0,0.01,0.16187036,0.01,0.01,0.01,0.01,0.01,0.46740305,0.17814432,0.05002183,0.01,0.012052274,0.013748226,0.21836369,-0.2295658418353037,-1.1295299528329494
2.28,-597485440.0,0.1382572246307908,-0.0361293293535709,-0.1189299970865249,0.0376173332333564,-0.2572013735771179,-3081270460416.0,0.01,0.01,0.01,0.01,0.01,0.01,0.01,1.0,1.0,1.0,1.0,1.0,1.0,1.0,0.01,0.13825722,0.01,0.01,0.037617333,0.01,0.01,0.46740305,0.17406464,0.04567155,0.01,0.02983735,0.013375891,0.21836369,-0.2415278302924654,-1.221881858411192
2.29,-597485440.0,0.1120279522029395,-0.0637052804231643,-0.1483935713768005,-0.074800431728363,-0.2416633665561676,-3081270460416.0,0.01,0.01,0.01,0.01,0.01,0.01,0.01,1.0,1.0,1.0,1.0,1.0,1.0,1.0,0.01,0.11202795,0.01,0.01,0.01,0.01,0.01,0.46740305,0.16667247,0.041833855,0.01,0.028946914,0.01304087,0.21836369,-0.2532262764465749,-1.0945184523724452
2.3000000000000003,-597485440.0,0.0947165782519839,-0.0836715996265411,-0.1508596241474151,-0.0274340100586414,-0.2447699755430221,-3081270460416.0,0.01,0.01,0.01,0.01,0.01,0.01,0.01,1.0,1.0,1.0,1.0,1.0,1.0,1.0,0.01,0.09471658,0.01,0.01,0.01,0.01,0.01,0.46740305,0.15754789,0.038435966,0.01,0.02698768,0.012739021,0.21836369,-0.2626382640381111,-0.8081708202292037
2.31,-597485440.0,0.0852119898743054,-0.0880937799811363,-0.1463473439216613,0.0258268602192401,-0.2100998039874389,-3081270460416.0,0.01,0.01,0.01,0.01,0.01,0.01,0.01,1.0,1.0,1.0,1.0,1.0,1.0,1.0,0.01,0.08521199,0.01,0.01,0.02582686,0.01,0.01,0.46740305,0.148522,0.03542169,0.01,0.026573466,0.012467035,0.21836369,-0.2689601180171389,-0.5091090402202084
2.3200000000000003,-597485440.0,0.0553059034207902,-0.0787640661001205,-0.1320527493953704,0.0209449082612991,-0.1677643838460343,-3081270460416.0,0.01,0.01,0.01,0.01,0.01,0.01,0.01,1.0,1.0,1.0,1.0,1.0,1.0,1.0,0.01,0.055305902,0.01,0.01,0.020944908,0.01,0.01,0.46740305,0.13805315,0.032749027,0.01,0.026071751,0.012222414,0.21836369,-0.2726635607364172,-0.2751623319502209
2.33,-597485440.0,0.008955767833605,-0.0636887401342392,-0.11732679605484,0.0085956715047359,-0.1183404160584534,-3081270460416.0,0.01,0.01,0.01,0.01,0.01,0.01,0.01,1.0,1.0,1.0,1.0,1.0,1.0,1.0,0.01,0.01,0.01,0.01,0.01,0.01,0.01,0.46740305,0.12398348,0.03037366,0.01,0.024574522,0.012002237,0.21836369,-0.2744432517141879,-0.1127518284982522
2.34,-597485440.0,-0.0507847633133146,-0.0481710024178028,-0.1049307882785797,0.0029996074736118,-0.0595003863578186,-3081270460416.0,0.01,0.01,0.01,0.01,0.01,0.01,0.01,1.0,1.0,1.0,1.0,1.0,1.0,1.0,0.01,0.01,0.01,0.01,0.01,0.01,0.01,0.46740305,0.10944843,0.028258868,0.01,0.023083635,0.011803989,0.21836369,-0.2749496160383795,-0.0101762462825278
2.35,-597485440.0,-0.1204769328246369,-0.0347265526652336,-0.0953717902302742,-0.0054892934858798,0.0071874792075981,-3081270460416.0,0.01,0.01,0.01,0.01,0.01,0.01,0.01,1.0,1.0,1.0,1.0,1.0,1.0,1.0,0.01,0.01,0.01,0.01,0.01,0.01,0.01,0.46740305,0.09708219,0.026368761,0.01,0.021746991,0.011625042,0.21836369,-0.2746402143597681,0.0569347775963916
2.36,-597485440.0,-0.1297575980424881,-0.0257791690528392,-0.0881334766745567,-0.0137111116200685,0.0703858282398279,-3081270460416.0,0.01,0.01,0.01,0.01,0.01,0.01,0.01,1.0,1.0,1.0,1.0,1.0,1.0,1.0,0.01,0.01,0.01,0.01,0.01,0.07038583,0.01,0.46740305,0.08659058,0.024690215,0.01,0.020556428,0.04326773,0.21836369,-0.2737031806068952,0.1340160702261092
2.37,-597485440.0,-0.1269460618495941,-0.0186997894197702,-0.0832145363092422,-0.0210045743733644,-0.0643688304981828,-3081270460416.0,0.01,0.01,0.01,0.01,0.01,0.01,0.01,1.0,1.0,1.0,1.0,1.0,1.0,1.0,0.01,0.01,0.01,0.01,0.01,0.01,0.01,0.46740305,0.077557676,0.023189401,0.01,0.01948925,0.0429565,0.21836369,-0.2714462854054252,0.318268040488453
2.38,-597485440.0,-0.124345451593399,-0.0064164847135543,-0.077271319925785,-0.0302688758820295,-0.0092507621815413,-3081270460416.0,0.01,0.01,0.01,0.01,0.01,0.01,0.01,1.0,1.0,1.0,1.0,1.0,1.0,1.0,0.01,0.01,0.01,0.01,0.01,0.01,0.01,0.46740305,0.069724135,0.021844413,0.01,0.018530743,0.039426822,0.21836369,-0.2668616684296159,0.5679914591872054
2.39,-597485440.0,-0.118029773235321,0.0195701643824577,-0.0636053904891014,-0.042465504258871,-0.0092013638969759,-3081270460416.0,0.01,0.01,0.01,0.01,0.01,0.01,0.01,1.0,1.0,1.0,1.0,1.0,1.0,1.0,0.01,0.01,0.019570164,0.01,0.01,0.01,0.01,0.46740305,0.062877804,0.021376919,0.01,0.017667186,0.036285874,0.21836369,-0.2596852787534717,0.807074448080844
2.4,-597485440.0,-0.108447790145874,0.0504990071058273,-0.0384257584810256,-0.0659214332699775,-0.0407385146520205,-3081270460416.0,0.01,0.01,0.01,0.01,0.01,0.01,0.01,1.0,1.0,1.0,1.0,1.0,1.0,1.0,0.01,0.01,0.050499007,0.01,0.01,0.01,0.01,0.46740305,0.05695509,0.041555062,0.01,0.01689754,0.033520542,0.21836369,-0.2505435335004633,0.9851992304524048
2.41,-597485440.0,-0.1021880730986595,-0.018960490822792,-0.0141382925212383,-0.0931662917137146,-0.082631083431323,-3081270460416.0,0.01,0.01,0.01,0.01,0.01,0.01,0.01,1.0,1.0,1.0,1.0,1.0,1.0,1.0,0.01,0.01,0.01,0.01,0.01,0.01,0.01,0.46740305,0.05176015,0.03990517,0.01,0.016205829,0.031060165,0.21836369,-0.24033545048709,1.0286618346951653
