time,SUP,ECRL,ECRB,ECU,FCR,FCU,PQ,SUP_min,ECRL_min,ECRB_min,ECU_min,FCR_min,FCU_min,PQ_min,SUP_max,ECRL_max,ECRB_max,ECU_max,FCR_max,FCU_max,PQ_max,SUP_exc,ECRL_exc,ECRB_exc,ECU_exc,FCR_exc,FCU_exc,PQ_exc,SUP_act,ECRL_act,ECRB_act,ECU_act,FCR_act,FCU_act,PQ_act,wrist_hand_r3_pos,wrist_hand_r3_vel
0.01,-790536896.0,-0.1405359357595443,-0.0430535823106765,-0.1095034480094909,0.0093233734369277,0.1067730726473267,-2942642159616.0,0.01,0.01,0.01,0.01,0.01,0.01,0.01,1.0,1.0,1.0,1.0,1.0,1.0,1.0,0.01,0.01,0.01,0.01,0.01,0.10677307,0.01,0.2631523,0.107031435,0.037198417,0.010008534,0.022922678,0.06487487,0.23593205,-0.2572503031311206,-0.0417097594655259
0.02,-790536896.0,-0.1358328610658645,-0.0290317349135875,-0.0967714488506317,-0.0044141709804534,-0.0455609743112861,-2942642159616.0,0.01,0.01,0.01,0.01,0.01,0.01,0.01,1.0,1.0,1.0,1.0,1.0,1.0,1.0,0.01,0.01,0.01,0.01,0.01,0.01,0.01,0.2631523,0.09508462,0.034330346,0.010007695,0.021607686,0.061712295,0.23593205,-0.256100144297539,0.2509608191805907
0.03,-790536896.0,-0.1265565156936645,-0.0129079520702362,-0.0814504697918891,-0.0219598580151796,-0.01985995308754,-2942642159616.0,0.01,0.01,0.01,0.01,0.01,0.01,0.01,1.0,1.0,1.0,1.0,1.0,1.0,1.0,0.01,0.01,0.01,0.01,0.01,0.01,0.01,0.2631523,0.08484242,0.031778887,0.010006937,0.020428816,0.055924892,0.23593205,-0.2518429086534269,0.551732025927226
0.04,-790536896.0,-0.1116201728582382,0.0089849084615707,-0.0672451481223106,-0.0404231585562229,-0.0544141664953479,-2942642159616.0,0.01,0.01,0.01,0.01,0.01,0.01,0.01,1.0,1.0,1.0,1.0,1.0,1.0,1.0,0.01,0.01,0.01,0.01,0.01,0.01,0.01,0.2631523,0.07603071,0.029510286,0.010006254,0.019373264,0.050855443,0.23593205,-0.2449853976786629,0.7754596611056528
0.05,-790536896.0,-0.0965861231088638,0.0556362196803092,-0.0466744229197502,-0.0596964918076992,-0.1021060828423642,-2942642159616.0,0.01,0.01,0.01,0.01,0.01,0.01,0.01,1.0,1.0,1.0,1.0,1.0,1.0,1.0,0.01,0.01,0.05563622,0.01,0.01,0.01,0.01,0.2631523,0.06841706,0.04726767,0.010005638,0.018428428,0.046405777,0.23593205,-0.2364144745596516,0.9064155947225097
0.06,-790536896.0,-0.0891344621777534,0.0065873702988028,-0.0199971571564674,-0.0868011862039566,-0.1354847802779181,-2942642159616.0,0.01,0.01,0.01,0.01,0.01,0.01,0.01,1.0,1.0,1.0,1.0,1.0,1.0,1.0,0.01,0.01,0.01,0.01,0.01,0.01,0.01,0.2631523,0.06178872,0.04472668,0.010005084,0.017580394,0.04247948,0.23593205,-0.2273037462280869,0.8941447355234421
0.07,-790536896.0,-0.0191173064272155,0.0538166500627994,-0.0187811143696308,-0.1090698018670082,-0.1583567192129591,-2942642159616.0,0.01,0.01,0.01,0.01,0.01,0.01,0.01,1.0,1.0,1.0,1.0,1.0,1.0,1.0,0.01,0.01,0.05381665,0.01,0.01,0.01,0.01,0.2631523,0.055994052,0.050685674,0.010004583,0.016818745,0.039006248,0.23593205,-0.2188856365418452,0.7938905390836285
0.08,-790536896.0,0.0607926803407639,0.0576667226850986,-0.0129970423877239,-0.1206244975328445,-0.2283295784748869,-2942642159616.0,0.01,0.01,0.01,0.01,0.01,0.01,0.01,1.0,1.0,1.0,1.0,1.0,1.0,1.0,0.01,0.06079268,0.057666723,0.01,0.01,0.01,0.01,0.2631523,0.05488399,0.055483077,0.010004129,0.016131757,0.03591429,0.23593205,-0.2117605984519992,0.6579585548711638
0.09,-790536896.0,0.1261192690682164,0.0631955862045288,-0.0173274762928485,-0.1220529824495315,-0.3282662378707233,-2942642159616.0,0.01,0.01,0.01,0.01,0.01,0.01,0.01,1.0,1.0,1.0,1.0,1.0,1.0,1.0,0.01,0.12611927,0.063195586,0.01,0.01,0.01,0.01,0.2631523,0.08772917,0.060442325,0.010003722,0.015517436,0.033184353,0.23593205,-0.2060844846852184,0.4896454655813432
0.1,-790536896.0,0.1840844634780367,0.0625047460198402,-0.023323830217123,-0.1175337731838226,-0.4057231247425079,-2942642159616.0,0.01,0.01,0.01,0.01,0.01,0.01,0.01,1.0,1.0,1.0,1.0,1.0,1.0,1.0,0.01,0.18408446,0.062504746,0.01,0.01,0.01,0.01,0.2631523,0.13362953,0.061910428,0.010003356,0.014966964,0.030765226,0.23593205,-0.202565945737957,0.218768560069029
0.1100000000000001,-790536896.0,0.2126764816467464,0.0631963536143302,-0.0333916023373603,-0.1064377203583717,-0.397331178188324,-2942642159616.0,0.01,0.01,0.01,0.01,0.01,0.01,0.01,1.0,1.0,1.0,1.0,1.0,1.0,1.0,0.01,0.21267648,0.06319635,0.01,0.01,0.01,0.01,0.2631523,0.17577562,0.062777095,0.010003026,0.014471802,0.028609963,0.23593205,-0.2024744431362493,-0.1774969393450312
0.1200000000000001,-790536896.0,0.1985960471149231,0.0500922128558158,-0.0480782389640808,-0.0865470170974731,-0.3810583651065826,-2942642159616.0,0.01,0.01,0.01,0.01,0.01,0.01,0.01,1.0,1.0,1.0,1.0,1.0,1.0,1.0,0.01,0.19859605,0.050092213,0.01,0.01,0.01,0.01,0.2631523,0.19477847,0.061552506,0.010002728,0.014026104,0.026686564,0.23593205,-0.2068743529352935,-0.6426684802323961
0.1299999999999999,-790536896.0,0.1706298656382948,0.0299832131713628,-0.0663772970438003,-0.0631027072668075,-0.3615490198135376,-2942642159616.0,0.01,0.01,0.01,0.01,0.01,0.01,0.01,1.0,1.0,1.0,1.0,1.0,1.0,1.0,0.01,0.17062986,0.029983213,0.01,0.01,0.01,0.01,0.2631523,0.19583866,0.058277678,0.010002459,0.013625699,0.024972128,0.23593205,-0.215526178075251,-1.0159756479461486
0.1399999999999999,-790536896.0,0.132362082506089,0.00024357996881,-0.1002172455191612,-0.0186133086681365,-0.3173125684261322,-2942642159616.0,0.01,0.01,0.01,0.01,0.01,0.01,0.01,1.0,1.0,1.0,1.0,1.0,1.0,1.0,0.01,0.13236208,0.01,0.01,0.01,0.01,0.01,0.2631523,0.18906336,0.053153716,0.010002217,0.013265491,0.023440486,0.23593205,-0.226846633927662,-1.200196850218256
0.1499999999999999,-790536896.0,0.1016575287304848,-0.0319623090326786,-0.1297761350870132,0.043083481490612,-0.244416743516922,-2942642159616.0,0.01,0.01,0.01,0.01,0.01,0.01,0.01,1.0,1.0,1.0,1.0,1.0,1.0,1.0,0.01,0.10165753,0.01,0.01,0.04308348,0.01,0.01,0.2631523,0.17795098,0.04843063,0.010001999,0.034112263,0.022072049,0.23593205,-0.2390910492705911,-1.2079448327558722
0.1599999999999999,-790536896.0,0.0905037630365358,-0.0606856495141983,-0.1387468874454498,-0.0780366584658622,-0.182411906213895,-2942642159616.0,0.01,0.01,0.01,0.01,0.01,0.01,0.01,1.0,1.0,1.0,1.0,1.0,1.0,1.0,0.01,0.09050376,0.01,0.01,0.01,0.01,0.01,0.2631523,0.16592175,0.044270463,0.010001803,0.03286782,0.02084713,0.23593205,-0.2499969775750233,-0.958884757312262
0.1699999999999999,-790536896.0,0.0395110297253268,-0.0764197334647178,-0.143564760684967,-0.0315563939511776,-0.1072610952254085,-2942642159616.0,0.01,0.01,0.01,0.01,0.01,0.01,0.01,1.0,1.0,1.0,1.0,1.0,1.0,1.0,0.01,0.03951103,0.01,0.01,0.01,0.01,0.01,0.2631523,0.15146908,0.04059135,0.010001625,0.030480126,0.019748397,0.23593205,-0.2574133015908674,-0.5622135164794547
0.1799999999999999,-790536896.0,-0.042685338203657,-0.0727351009845733,-0.1327386051416397,0.0058007352054119,-0.0392728148304953,-2942642159616.0,0.01,0.01,0.01,0.01,0.01,0.01,0.01,1.0,1.0,1.0,1.0,1.0,1.0,1.0,0.01,0.01,0.01,0.01,0.01,0.01,0.01,0.2631523,0.13306661,0.037334494,0.010001466,0.028353345,0.018763285,0.23593205,-0.2608138592643936,-0.1817559177986739
0.1899999999999999,-790536896.0,-0.1385446041822433,-0.0548775792121887,-0.1127787083387374,0.0108246840536594,0.0457335174049125,-2942642159616.0,0.01,0.01,0.01,0.01,0.01,0.01,0.01,1.0,1.0,1.0,1.0,1.0,1.0,1.0,0.01,0.01,0.01,0.01,0.010824684,0.04573352,0.01,0.2631523,0.117132,0.034452345,0.010001321,0.026535422,0.029564777,0.23593205,-0.2610439568432835,0.0870832931534298
0.1999999999999999,-790536896.0,-0.1295477449893951,-0.0327869653701782,-0.0939462333917617,-0.0054925009608268,0.0613533335072746,-2942642159616.0,0.01,0.01,0.01,0.01,0.01,0.01,0.01,1.0,1.0,1.0,1.0,1.0,1.0,1.0,0.01,0.01,0.01,0.01,0.01,0.061353333,0.01,0.2631523,0.10367434,0.031891372,0.010001191,0.024847496,0.043618724,0.23593205,-0.2591268238430894,0.2667930357534288
0.2099999999999999,-790536896.0,-0.1175259724259376,-0.0144335078075528,-0.0787286385893821,-0.0213106293231248,0.0113824403642175,-2942642159616.0,0.01,0.01,0.01,0.01,0.01,0.01,0.01,1.0,1.0,1.0,1.0,1.0,1.0,1.0,0.01,0.01,0.01,0.01,0.01,0.01138244,0.01,0.2631523,0.09219799,0.02960978,0.010001074,0.023327218,0.04409368,0.23593205,-0.2555976609412985,0.4177712582924738
0.2199999999999999,-790536896.0,-0.1059926003217697,0.0040376689285039,-0.0688801407814025,-0.0351610407233238,-0.0240344010400033,-2942642159616.0,0.01,0.01,0.01,0.01,0.01,0.01,0.01,1.0,1.0,1.0,1.0,1.0,1.0,1.0,0.01,0.01,0.01,0.01,0.01,0.01,0.01,0.2631523,0.08228225,0.027564475,0.010000967,0.021959368,0.040443122,0.23593205,-0.2505451228791842,0.5549354803768536
0.2299999999999999,-790536896.0,-0.0973608717322349,0.0359527096152305,-0.0536994710564613,-0.0477682463824749,-0.0719262501580721,-2942642159616.0,0.01,0.01,0.01,0.01,0.01,0.01,0.01,1.0,1.0,1.0,1.0,1.0,1.0,1.0,0.01,0.01,0.03595271,0.01,0.01,0.01,0.01,0.2631523,0.0737684,0.03287554,0.0100008715,0.020738583,0.037187614,0.23593205,-0.2442575862232736,0.6732412709460197
0.24,-790536896.0,-0.0950718522071838,0.0147929210215806,-0.0418319664895534,-0.0651153624057769,-0.1141959473284467,-2942642159616.0,0.01,0.01,0.01,0.01,0.01,0.01,0.01,1.0,1.0,1.0,1.0,1.0,1.0,1.0,0.01,0.01,0.014792921,0.01,0.01,0.01,0.01,0.2631523,0.066427395,0.031934638,0.010000786,0.019649427,0.034313593,0.23593205,-0.2370373974890682,0.7513807567449271
0.25,-790536896.0,-0.0741696205173624,0.0537642575800418,-0.0250877663493156,-0.083783820271492,-0.1363878128919298,-2942642159616.0,0.01,0.01,0.01,0.01,0.01,0.01,0.01,1.0,1.0,1.0,1.0,1.0,1.0,1.0,0.01,0.01,0.053764258,0.01,0.01,0.01,0.01,0.2631523,0.060048908,0.04667271,0.0100007085,0.018674925,0.03176557,0.23593205,-0.2292888841583101,0.7828285704825552
0.26,-790536896.0,0.015907037287306,0.0145225888118147,-0.0056055486202239,-0.0998826920986175,-0.1806324922287112,-2942642159616.0,0.01,0.01,0.01,0.01,0.01,0.01,0.01,1.0,1.0,1.0,1.0,1.0,1.0,1.0,0.01,0.015907038,0.014522589,0.01,0.01,0.01,0.01,0.2631523,0.054707795,0.04481988,0.010000639,0.017800739,0.029498093,0.23593205,-0.2216699591404671,0.7342666068559498
0.27,-790536896.0,0.1019431719011262,0.0521223507821559,-0.0201873071491718,-0.1106866896152496,-0.2718473875533096,-2942642159616.0,0.01,0.01,0.01,0.01,0.01,0.01,0.01,1.0,1.0,1.0,1.0,1.0,1.0,1.0,0.01,0.10194317,0.05212235,0.01,0.01,0.01,0.01,0.2631523,0.07339775,0.04941037,0.010000575,0.017017193,0.027480394,0.23593205,-0.214830836987784,0.6371335782235398
0.28,-790536896.0,0.1496882538123367,0.0536641106009483,-0.0202900432050228,-0.1147709265351295,-0.3854405002707891,-2942642159616.0,0.01,0.01,0.01,0.01,0.01,0.01,0.01,1.0,1.0,1.0,1.0,1.0,1.0,1.0,0.01,0.14968826,0.05366411,0.01,0.01,0.01,0.01,0.2631523,0.1088992,0.052345943,0.010000519,0.016314005,0.025681222,0.23593205,-0.2094062067121274,0.4473001512382157
0.29,-790536896.0,0.2175006150763673,0.0573378801345825,-0.0261141248047351,-0.1117307916283607,-0.4057403802871704,-2942642159616.0,0.01,0.01,0.01,0.01,0.01,0.01,0.01,1.0,1.0,1.0,1.0,1.0,1.0,1.0,0.01,0.21750061,0.05733788,0.01,0.01,0.01,0.01,0.2631523,0.16287929,0.05569917,0.010000468,0.015682898,0.024075763,0.23593205,-0.2065906290881411,0.1185159911380018
0.3,-790536896.0,0.2095532418956437,0.0481426790356636,-0.037966288626194,-0.0993792414665222,-0.3954525589942932,-2942642159616.0,0.01,0.01,0.01,0.01,0.01,0.01,0.01,1.0,1.0,1.0,1.0,1.0,1.0,1.0,0.01,0.20955324,0.04814268,0.01,0.01,0.01,0.01,0.2631523,0.19135328,0.05509198,0.010000422,0.01511571,0.02264027,0.23593205,-0.2079333376847965,-0.3603006638136804
0.31,-790536896.0,0.1934208421655036,0.0357308015227317,-0.0546501614153385,-0.0761685967445373,-0.3749074339866638,-2942642159616.0,0.01,0.01,0.01,0.01,0.01,0.01,0.01,1.0,1.0,1.0,1.0,1.0,1.0,1.0,0.01,0.19342084,0.0357308,0.01,0.01,0.01,0.01,0.2631523,0.20197609,0.053174887,0.010000381,0.014605049,0.021353683,0.23593205,-0.2143887475544178,-0.8537076208190785
0.32,-790536896.0,0.155139820492333,0.0134823946282267,-0.0805500745773315,-0.0489648133516311,-0.3500820398330688,-2942642159616.0,0.01,0.01,0.01,0.01,0.01,0.01,0.01,1.0,1.0,1.0,1.0,1.0,1.0,1.0,0.01,0.15513982,0.013482395,0.01,0.01,0.01,0.01,0.2631523,0.1978299,0.049097918,0.010000343,0.014146621,0.020203523,0.23593205,-0.2249136536537685,-1.1809818425441154
0.33,-790536896.0,0.1169696772435862,-0.0211399216204881,-0.1170437410473823,0.0181214585900306,-0.2832248508930206,-2942642159616.0,0.01,0.01,0.01,0.01,0.01,0.01,0.01,1.0,1.0,1.0,1.0,1.0,1.0,1.0,0.01,0.116969675,0.01,0.01,0.018121459,0.01,0.01,0.2631523,0.1881158,0.044890717,0.010000309,0.01695333,0.019171925,0.23593205,-0.2375718171152543,-1.3041004552331084
0.3400000000000001,-790536896.0,0.0934625204836689,-0.0563059635460376,-0.1359216123819351,0.0083573497831821,-0.2238836480551889,-2942642159616.0,0.01,0.01,0.01,0.01,0.01,0.01,0.01,1.0,1.0,1.0,1.0,1.0,1.0,1.0,0.01,0.09346252,0.01,0.01,0.01,0.01,0.01,0.2631523,0.1755032,0.04113647,0.010000279,0.016510582,0.018246232,0.23593205,-0.2504290048555121,-1.2542165953582618
0.3500000000000001,-790536896.0,0.0640746640386727,-0.0843001082539558,-0.1533107608556747,0.0693395435810089,-0.1253556427544616,-2942642159616.0,0.01,0.01,0.01,0.01,0.01,0.01,0.01,1.0,1.0,1.0,1.0,1.0,1.0,1.0,0.01,0.064074665,0.01,0.01,0.06933954,0.01,0.01,0.2631523,0.16173181,0.037824813,0.010000251,0.05352157,0.017417857,0.23593205,-0.2620866243094649,-1.0531001456440896
0.3600000000000001,-790536896.0,-0.0165361750232139,-0.0993697196245193,-0.1587382853031158,-0.0951689407229423,-0.0435774119244298,-2942642159616.0,0.01,0.01,0.01,0.01,0.01,0.01,0.01,1.0,1.0,1.0,1.0,1.0,1.0,1.0,0.01,0.01,0.01,0.01,0.01,0.01,0.01,0.2631523,0.14292195,0.034888726,0.010000227,0.050884042,0.016674224,0.23593205,-0.2702494531565236,-0.585561442516544
0.3700000000000001,-790536896.0,-0.1134349285011307,-0.0936913937330246,-0.1435904502868652,-0.0362853035330772,0.0333384021941811,-2942642159616.0,0.01,0.01,0.01,0.01,0.01,0.01,0.01,1.0,1.0,1.0,1.0,1.0,1.0,1.0,0.01,0.01,0.01,0.01,0.01,0.0333384,0.01,0.2631523,0.1253481,0.032275774,0.010000205,0.0464232,0.022707216,0.23593205,-0.2728592372661372,-0.0124087575363267
0.3799999999999999,-790536896.0,-0.1434440612792968,-0.0664392337203025,-0.1147339940071106,-0.0191350206732749,0.0659575476596939,-2942642159616.0,0.01,0.01,0.01,0.01,0.01,0.01,0.01,1.0,1.0,1.0,1.0,1.0,1.0,1.0,0.01,0.01,0.01,0.01,0.01,0.065957546,0.01,0.2631523,0.11062979,0.029955871,0.010000184,0.04249742,0.041691236,0.23593205,-0.2701234048486512,0.4836533242867481
0.3899999999999999,-790536896.0,-0.1264200955629348,-0.0304073691368103,-0.084984965622425,-0.0221224594861269,0.0078538026787888,-2942642159616.0,0.01,0.01,0.01,0.01,0.01,0.01,0.01,1.0,1.0,1.0,1.0,1.0,1.0,1.0,0.01,0.01,0.01,0.01,0.01,0.01,0.01,0.2631523,0.0981675,0.02789098,0.0100001665,0.039030075,0.041163776,0.23593205,-0.263320180593881,0.8167491911311552
0.3999999999999999,-790536896.0,-0.0986273512244224,0.0024662166833877,-0.0618724152445793,-0.0357520580291748,-0.0145187310775943,-2942642159616.0,0.01,0.01,0.01,0.01,0.01,0.01,0.01,1.0,1.0,1.0,1.0,1.0,1.0,1.0,0.01,0.01,0.01,0.01,0.01,0.01,0.01,0.2631523,0.08751344,0.026048267,0.01000015,0.035956714,0.037847444,0.23593205,-0.2541816926203536,0.9710185773053682
0.4099999999999999,-790536896.0,-0.074584886431694,0.0718084424734115,-0.0256264582276344,-0.0585521757602691,-0.071466241075754,-2942642159616.0,0.01,0.01,0.01,0.01,0.01,0.01,0.01,1.0,1.0,1.0,1.0,1.0,1.0,1.0,0.01,0.01,0.07180844,0.01,0.01,0.01,0.01,0.2631523,0.07834601,0.057915013,0.010000135,0.033227477,0.034905832,0.23593205,-0.2441891773922452,1.000652044368144
0.4199999999999999,-790536896.0,-0.0701890960335731,-0.021622622385621,-0.0162038244307041,-0.0810091122984886,-0.1278123726368124,-2942642159616.0,0.01,0.01,0.01,0.01,0.01,0.01,0.01,1.0,1.0,1.0,1.0,1.0,1.0,1.0,0.01,0.01,0.01,0.01,0.01,0.01,0.01,0.2631523,0.070414126,0.054963443,0.010000122,0.030799951,0.032292087,0.23593205,-0.2347616773322945,0.8777780237233899
0.4299999999999999,-790536896.0,-0.0794888213276863,0.0267133750021457,-0.0242683701217174,-0.0964603424072265,-0.1587838896035058,-2942642159616.0,0.01,0.01,0.01,0.01,0.01,0.01,0.01,1.0,1.0,1.0,1.0,1.0,1.0,1.0,0.01,0.01,0.026713375,0.01,0.01,0.01,0.01,0.2631523,0.06351988,0.051573496,0.01000011,0.028638057,0.029966474,0.23593205,-0.2271625945253563,0.6661887895756802
0.4399999999999999,-790536896.0,-0.0069617563678515,0.0707738548517227,-0.0254817381501197,-0.1012513041496276,-0.1778429696357114,-2942642159616.0,0.01,0.01,0.01,0.01,0.01,0.01,0.01,1.0,1.0,1.0,1.0,1.0,1.0,1.0,0.01,0.01,0.070773855,0.01,0.01,0.01,0.01,0.2631523,0.057508435,0.06393865,0.0100000985,0.02671188,0.027896129,0.23593205,-0.2215895490039891,0.4794157177402606
0.4499999999999999,-790536896.0,0.0697425172175754,0.0420220419764518,-0.0300142355263233,-0.0980422496795654,-0.244197606143853,-2942642159616.0,0.01,0.01,0.01,0.01,0.01,0.01,0.01,1.0,1.0,1.0,1.0,1.0,1.0,1.0,0.01,0.069742516,0.042022042,0.01,0.01,0.01,0.01,0.2631523,0.059615593,0.063403785,0.010000089,0.02498979,0.026046468,0.23593205,-0.2177171736496314,0.3269544400003474
0.4599999999999999,-790536896.0,0.133841881917998,0.0547712743282318,-0.0372506454586982,-0.0909944772720336,-0.3390916128652899,-2942642159616.0,0.01,0.01,0.01,0.01,0.01,0.01,0.01,1.0,1.0,1.0,1.0,1.0,1.0,1.0,0.01,0.13384189,0.054771274,0.01,0.01,0.01,0.01,0.2631523,0.094050825,0.06219288,0.010000081,0.023455568,0.02439969,0.23593205,-0.2151626574412073,0.199982176940792
0.47,-790536896.0,0.1961133680853226,0.0583356171846389,-0.0436362102627754,-0.083098217844963,-0.3886943161487579,-2942642159616.0,0.01,0.01,0.01,0.01,0.01,0.01,0.01,1.0,1.0,1.0,1.0,1.0,1.0,1.0,0.01,0.19611336,0.058335617,0.01,0.01,0.01,0.01,0.2631523,0.14303999,0.061684977,0.010000072,0.022083076,0.022927359,0.23593205,-0.2140184983502587,0.0351174229161104
0.48,-790536896.0,0.2009720217736468,0.0521658286452293,-0.050488993525505,-0.0739362388849258,-0.3784843683242798,-2942642159616.0,0.01,0.01,0.01,0.01,0.01,0.01,0.01,1.0,1.0,1.0,1.0,1.0,1.0,1.0,0.01,0.20097202,0.05216583,0.01,0.01,0.01,0.01,0.2631523,0.17564607,0.06068789,0.010000065,0.02085673,0.021612497,0.23593205,-0.2151008321806052,-0.2450948482611078
0.49,-790536896.0,0.1896264547125518,0.0399431474506855,-0.0596601516008377,-0.0628243759274482,-0.3665058314800262,-2942642159616.0,0.01,0.01,0.01,0.01,0.01,0.01,0.01,1.0,1.0,1.0,1.0,1.0,1.0,1.0,0.01,0.18962646,0.039943147,0.01,0.01,0.01,0.01,0.2631523,0.19126531,0.05850463,0.010000059,0.019756515,0.020433404,0.23593205,-0.2195411902915658,-0.5987683709409714
0.5,-790536896.0,0.1583726848304847,0.0221648961305618,-0.076886311173439,-0.0446928143501281,-0.3492892682552337,-2942642159616.0,0.01,0.01,0.01,0.01,0.01,0.01,0.01,1.0,1.0,1.0,1.0,1.0,1.0,1.0,0.01,0.15837269,0.022164896,0.01,0.01,0.01,0.01,0.2631523,0.18925016,0.054758172,0.010000053,0.018770847,0.019377511,0.23593205,-0.2272828966079489,-0.8906180041858357
0.51,-790536896.0,0.124645707241042,-0.00213457737118,-0.1031441688537597,-0.0024519450962543,-0.30778768658638,-2942642159616.0,0.01,0.01,0.01,0.01,0.01,0.01,0.01,1.0,1.0,1.0,1.0,1.0,1.0,1.0,0.01,0.12464571,0.01,0.01,0.01,0.01,0.01,0.2631523,0.1822342,0.0499868,0.010000048,0.017887382,0.018431457,0.23593205,-0.2371422012476553,-1.0418286436694186
0.52,-790536896.0,0.0997281556586749,-0.0297395270317792,-0.1181662902235984,0.0427751019597053,-0.2583596706390381,-2942642159616.0,0.01,0.01,0.01,0.01,0.01,0.01,0.01,1.0,1.0,1.0,1.0,1.0,1.0,1.0,0.01,0.09972815,0.01,0.01,0.042775102,0.01,0.01,0.2631523,0.17167345,0.045641974,0.010000044,0.03504298,0.01758385,0.23593205,-0.2477622831486373,-1.0466068733253395
0.53,-790536896.0,0.0787787490146953,-0.0544488057494163,-0.1347626596689224,-0.0524520389735698,-0.1636627549456616,-2942642159616.0,0.01,0.01,0.01,0.01,0.01,0.01,0.01,1.0,1.0,1.0,1.0,1.0,1.0,1.0,0.01,0.07877875,0.01,0.01,0.01,0.01,0.01,0.2631523,0.16002998,0.041808844,0.010000039,0.033572994,0.016823124,0.23593205,-0.2571887323396939,-0.8251174542532392
0.54,-790536896.0,0.0082419575513477,-0.0681311935186386,-0.1406532377004623,-0.0177973490208387,-0.0814704972250996,-2942642159616.0,0.01,0.01,0.01,0.01,0.01,0.01,0.01,1.0,1.0,1.0,1.0,1.0,1.0,1.0,0.01,0.01,0.01,0.01,0.01,0.01,0.01,0.2631523,0.14344561,0.03841185,0.010000035,0.031105757,0.016138736,0.23593205,-0.2634922307441869,-0.4748484363100922
0.55,-790536896.0,-0.0838313417201022,-0.0649636387825012,-0.128629669547081,0.0150028131902217,-0.0013856527567371,-2942642159616.0,0.01,0.01,0.01,0.01,0.01,0.01,0.01,1.0,1.0,1.0,1.0,1.0,1.0,1.0,0.01,0.01,0.01,0.01,0.015002813,0.01,0.01,0.2631523,0.1257838,0.03540298,0.010000031,0.0293502,0.015524172,0.23593205,-0.2662982049216183,-0.1416958763391922
0.56,-790536896.0,-0.1390149891376495,-0.0497184544801712,-0.110501080751419,0.0097176469862461,0.0921921659238861,-2942642159616.0,0.01,0.01,0.01,0.01,0.01,0.01,0.01,1.0,1.0,1.0,1.0,1.0,1.0,1.0,0.01,0.01,0.01,0.01,0.01,0.092192166,0.01,0.2631523,0.1109772,0.03273426,0.010000029,0.027409408,0.05381285,0.23593205,-0.2662487485039475,0.110125358467615
0.5700000000000001,-790536896.0,-0.1300564408302307,-0.0301262307912111,-0.0931011363863945,-0.004579197615385,-0.0398151238907856,-2942642159616.0,0.01,0.01,0.01,0.01,0.01,0.01,0.01,1.0,1.0,1.0,1.0,1.0,1.0,1.0,0.01,0.01,0.01,0.01,0.01,0.01,0.01,0.2631523,0.09843404,0.030361502,0.010000026,0.025616419,0.05200306,0.23593205,-0.2637831900875753,0.3560789930252537
0.5800000000000001,-790536896.0,-0.1172641962766647,-0.0133394142612814,-0.0785387456417083,-0.021212076768279,-0.0126526933712515,-2942642159616.0,0.01,0.01,0.01,0.01,0.01,0.01,0.01,1.0,1.0,1.0,1.0,1.0,1.0,1.0,0.01,0.01,0.01,0.01,0.01,0.01,0.01,0.2631523,0.08770612,0.028246004,0.010000023,0.024013218,0.047403883,0.23593205,-0.2588832476110607,0.5819667562933375
0.5900000000000001,-790536896.0,-0.1025088429450988,0.0134455021470785,-0.0636786296963691,-0.0376705788075923,-0.0474335253549454,-2942642159616.0,0.01,0.01,0.01,0.01,0.01,0.01,0.01,1.0,1.0,1.0,1.0,1.0,1.0,1.0,0.01,0.01,0.013445502,0.01,0.01,0.01,0.01,0.2631523,0.07849617,0.026661977,0.010000021,0.022581207,0.043354973,0.23593205,-0.2520623477994591,0.7497372298636604
0.6000000000000001,-790536896.0,-0.0922033786773681,0.0553279779851436,-0.0411531068384647,-0.0547381937503814,-0.0971350996339015,-2942642159616.0,0.01,0.01,0.01,0.01,0.01,0.01,0.01,1.0,1.0,1.0,1.0,1.0,1.0,1.0,0.01,0.01,0.055327978,0.01,0.01,0.01,0.01,0.2631523,0.070552625,0.04630586,0.010000018,0.021302143,0.03978507,0.23593205,-0.2439050148465609,0.854889862235925
0.6100000000000001,-790536896.0,-0.0890942811965942,-0.0050028609111905,-0.0285606570541858,-0.0780166834592819,-0.1329765254594168,-2942642159616.0,0.01,0.01,0.01,0.01,0.01,0.01,0.01,1.0,1.0,1.0,1.0,1.0,1.0,1.0,0.01,0.01,0.01,0.01,0.01,0.01,0.01,0.2631523,0.06364318,0.04419667,0.010000017,0.020155715,0.036621086,0.23593205,-0.2352993361435695,0.8486522508792526
0.6200000000000001,-790536896.0,-0.0118053048568125,0.0330449715256691,-0.0145982950925827,-0.0976254940032959,-0.1605756969820342,-2942642159616.0,0.01,0.01,0.01,0.01,0.01,0.01,0.01,1.0,1.0,1.0,1.0,1.0,1.0,1.0,0.01,0.01,0.03304497,0.01,0.01,0.01,0.01,0.2631523,0.057616502,0.0426726,0.010000016,0.019128608,0.033814963,0.23593205,-0.2272788535247153,0.7605504852755107
0.6299999999999999,-790536896.0,0.0734463193186027,0.0750991478562355,-0.0235657133162021,-0.1090012341737747,-0.2359223474983179,-2942642159616.0,0.01,0.01,0.01,0.01,0.01,0.01,0.01,1.0,1.0,1.0,1.0,1.0,1.0,1.0,0.01,0.07344632,0.07509915,0.01,0.01,0.01,0.01,0.2631523,0.0616152,0.06444348,0.010000014,0.01820878,0.031324707,0.23593205,-0.2202282287292702,0.6533086690373775
0.6399999999999999,-790536896.0,0.1318622293162961,0.026477949693799,-0.0216599963605403,-0.1128789559006691,-0.3400899016398854,-2942642159616.0,0.01,0.01,0.01,0.01,0.01,0.01,0.01,1.0,1.0,1.0,1.0,1.0,1.0,1.0,0.01,0.13186222,0.02647795,0.01,0.01,0.01,0.01,0.2631523,0.09394023,0.061960448,0.010000013,0.01738372,0.029108899,0.23593205,-0.2147391701396502,0.4446882511347034
0.6499999999999999,-790536896.0,0.2038566459208204,0.0508849695324897,-0.0277234762907028,-0.1093016490340232,-0.4034802615642547,-2942642159616.0,0.01,0.01,0.01,0.01,0.01,0.01,0.01,1.0,1.0,1.0,1.0,1.0,1.0,1.0,0.01,0.20385665,0.05088497,0.01,0.01,0.01,0.01,0.2631523,0.14740543,0.060400892,0.010000011,0.016643194,0.027134335,0.23593205,-0.2119902594957076,0.1193986407951636
0.6599999999999999,-790536896.0,0.2103166517439231,0.0571274869143962,-0.0400259941816329,-0.0963758379220962,-0.3922371864318847,-2942642159616.0,0.01,0.01,0.01,0.01,0.01,0.01,0.01,1.0,1.0,1.0,1.0,1.0,1.0,1.0,0.01,0.21031666,0.057127487,0.01,0.01,0.01,0.01,0.2631523,0.18215056,0.059954103,0.01000001,0.015977608,0.025370859,0.23593205,-0.2131476645128418,-0.3130168011295889
0.6699999999999999,-790536896.0,0.1983090094854717,0.0410801135003566,-0.0559874139726161,-0.0741368606686592,-0.3724124729633331,-2942642159616.0,0.01,0.01,0.01,0.01,0.01,0.01,0.01,1.0,1.0,1.0,1.0,1.0,1.0,1.0,0.01,0.198309,0.041080114,0.01,0.01,0.01,0.01,0.2631523,0.19763726,0.058094185,0.010000009,0.0153795425,0.02379536,0.23593205,-0.2188745689042282,-0.76622616448176
0.6799999999999999,-790536896.0,0.1640947464327604,0.0186763070523738,-0.0787586420774459,-0.0499551370739936,-0.3503881990909576,-2942642159616.0,0.01,0.01,0.01,0.01,0.01,0.01,0.01,1.0,1.0,1.0,1.0,1.0,1.0,1.0,0.01,0.16409475,0.018676307,0.01,0.01,0.01,0.01,0.2631523,0.1955452,0.053991042,0.010000008,0.014842711,0.022388522,0.23593205,-0.2284704201699664,-1.0854816764525437
0.69,-790536896.0,0.1247124545448635,-0.013042839244008,-0.1122539192438125,0.0065675303339958,-0.2943330407142639,-2942642159616.0,0.01,0.01,0.01,0.01,0.01,0.01,0.01,1.0,1.0,1.0,1.0,1.0,1.0,1.0,0.01,0.12471245,0.01,0.01,0.01,0.01,0.01,0.2631523,0.18763308,0.04926326,0.010000007,0.014359895,0.021129046,0.23593205,-0.2402145917235994,-1.2239562434341362
0.7,-790536896.0,0.0957199146999824,-0.0459620133042335,-0.1324736475944519,0.0559952855110168,-0.2333493828773498,-2942642159616.0,0.01,0.01,0.01,0.01,0.01,0.01,0.01,1.0,1.0,1.0,1.0,1.0,1.0,1.0,0.01,0.09571991,0.01,0.01,0.055995286,0.01,0.01,0.2631523,0.17564674,0.045005195,0.010000006,0.04365143,0.020002665,0.23593205,-0.2524972999108835,-1.1916909033947067
0.71,-790536896.0,0.0722768571054291,-0.0736956968903541,-0.1510489881038665,-0.0894074365496635,-0.1427416524900973,-2942642159616.0,0.01,0.01,0.01,0.01,0.01,0.01,0.01,1.0,1.0,1.0,1.0,1.0,1.0,1.0,0.01,0.07227686,0.01,0.01,0.01,0.01,0.01,0.2631523,0.16254292,0.04124712,0.010000006,0.041730374,0.018993232,0.23593205,-0.2628853036364184,-0.8727420046682176
0.72,-790536896.0,0.0019740232766213,-0.0856516808271408,-0.151246502995491,-0.0321365818381309,-0.066756755059725,-2942642159616.0,0.01,0.01,0.01,0.01,0.01,0.01,0.01,1.0,1.0,1.0,1.0,1.0,1.0,1.0,0.01,0.01,0.01,0.01,0.01,0.01,0.01,0.2631523,0.14484398,0.037917297,0.010000005,0.038345106,0.018086726,0.23593205,-0.2690140445054589,-0.39973902824121
0.73,-790536896.0,-0.0870702989119545,-0.0754860937595367,-0.1316565573215484,-0.0053228996694087,0.0056669001173781,-2942642159616.0,0.01,0.01,0.01,0.01,0.01,0.01,0.01,1.0,1.0,1.0,1.0,1.0,1.0,1.0,0.01,0.01,0.01,0.01,0.01,0.01,0.01,0.2631523,0.12697059,0.034966595,0.010000005,0.035346057,0.017273586,0.23593205,-0.2704146714997741,0.0491516184125234
0.74,-790536896.0,-0.1364632993936538,-0.0507211089134216,-0.1063240244984626,0.0006283745169639,0.0917982778642843,-2942642159616.0,0.01,0.01,0.01,0.01,0.01,0.01,0.01,1.0,1.0,1.0,1.0,1.0,1.0,1.0,0.01,0.01,0.01,0.01,0.01,0.091798276,0.01,0.2631523,0.112022586,0.03235209,0.010000004,0.032689344,0.053632624,0.23593205,-0.2681404295049732,0.3561356922027522
0.75,-790536896.0,-0.121292695403099,-0.0227484740316867,-0.0837607085704803,-0.0124150514602661,-0.0318234840322518,-2942642159616.0,0.01,0.01,0.01,0.01,0.01,0.01,0.01,1.0,1.0,1.0,1.0,1.0,1.0,1.0,0.01,0.01,0.01,0.01,0.01,0.01,0.01,0.2631523,0.099335045,0.030023042,0.010000004,0.03032318,0.05193045,0.23593205,-0.2633031805376162,0.5780509080920727
0.76,-790536896.0,-0.1017656326293945,0.000205660238862,-0.0685553550720214,-0.0289812311530113,-0.0191299518011667,-2942642159616.0,0.01,0.01,0.01,0.01,0.01,0.01,0.01,1.0,1.0,1.0,1.0,1.0,1.0,1.0,0.01,0.01,0.01,0.01,0.01,0.01,0.01,0.2631523,0.0884909,0.027946379,0.0100000035,0.028213806,0.047344673,0.23593205,-0.2566044003291087,0.7306652855207307
0.77,-790536896.0,-0.0862854272127151,0.0443894639611244,-0.0459643714129924,-0.0440768860280513,-0.0587563276926477,-2942642159616.0,0.01,0.01,0.01,0.01,0.01,0.01,0.01,1.0,1.0,1.0,1.0,1.0,1.0,1.0,0.01,0.01,0.044389464,0.01,0.01,0.01,0.01,0.2631523,0.079174995,0.038902923,0.0100000035,0.02633303,0.043303695,0.23593205,-0.2486991307354649,0.8262760305407479
0.78,-790536896.0,-0.0815877243876457,0.0064751505851745,-0.0249509438872337,-0.0650398284196853,-0.1086754128755745,-2942642159616.0,0.01,0.01,0.01,0.01,0.01,0.01,0.01,1.0,1.0,1.0,1.0,1.0,1.0,1.0,0.01,0.01,0.01,0.01,0.01,0.01,0.01,0.2631523,0.071127616,0.03718914,0.010000003,0.024654452,0.03973465,0.23593205,-0.2402997056303012,0.840244478657535
0.79,-790536896.0,-0.0850601568818092,0.0554125644266605,-0.0135930925607681,-0.0843111053109169,-0.1415120064061366,-2942642159616.0,0.01,0.01,0.01,0.01,0.01,0.01,0.01,1.0,1.0,1.0,1.0,1.0,1.0,1.0,0.01,0.01,0.055412564,0.01,0.01,0.01,0.01,0.2631523,0.06414381,0.04923766,0.010000003,0.023155227,0.03657648,0.23593205,-0.2320421562549066,0.8064559575240869
0.8,-790536896.0,-0.0020336705508633,0.0276262741535902,-0.0259913466870784,-0.098549410700798,-0.169332677124694,-2942642159616.0,0.01,0.01,0.01,0.01,0.01,0.01,0.01,1.0,1.0,1.0,1.0,1.0,1.0,1.0,0.01,0.01,0.027626274,0.01,0.01,0.01,0.01,0.2631523,0.05804257,0.048510503,0.010000003,0.021812402,0.033770718,0.23593205,-0.2244984966421074,0.7086756750976617
0.81,-790536896.0,0.0836049837026678,0.0633560717105865,-0.0216777510941028,-0.1062810644507408,-0.2468102712127179,-2942642159616.0,0.01,0.01,0.01,0.01,0.01,0.01,0.01,1.0,1.0,1.0,1.0,1.0,1.0,1.0,0.01,0.083604984,0.06335607,0.01,0.01,0.01,0.01,0.2631523,0.06639214,0.057876863,0.010000003,0.020613262,0.031283926,0.23593205,-0.2180563237747322,0.5906601088157198
0.8200000000000001,-790536896.0,0.136735887829562,0.0464407280087471,-0.023621167987585,-0.1078846007585525,-0.3510252095698644,-2942642159616.0,0.01,0.01,0.01,0.01,0.01,0.01,0.01,1.0,1.0,1.0,1.0,1.0,1.0,1.0,0.01,0.13673589,0.046440728,0.01,0.01,0.01,0.01,0.2631523,0.098725565,0.057538748,0.010000002,0.019539403,0.0290715,0.23593205,-0.2131067521973522,0.4050463902523406
0.8300000000000001,-790536896.0,0.2125822054365394,0.062472328543663,-0.0300172306597232,-0.103810891509056,-0.4013488292694092,-2942642159616.0,0.01,0.01,0.01,0.01,0.01,0.01,0.01,1.0,1.0,1.0,1.0,1.0,1.0,1.0,0.01,0.2125822,0.06247233,0.01,0.01,0.01,0.01,0.2631523,0.15407565,0.060642216,0.010000002,0.018577207,0.027100714,0.23593205,-0.2105113298706838,0.1230683427619451
0.8400000000000001,-790536896.0,0.2104711770001862,0.051918875426054,-0.0406371057033538,-0.0927940160036087,-0.3907728493213653,-2942642159616.0,0.01,0.01,0.01,0.01,0.01,0.01,0.01,1.0,1.0,1.0,1.0,1.0,1.0,1.0,0.01,0.21047118,0.051918875,0.01,0.01,0.01,0.01,0.2631523,0.18614514,0.059971143,0.010000002,0.017714418,0.025342746,0.23593205,-0.2114646580522685,-0.2919691675169092
0.8500000000000001,-790536896.0,0.1991802436118316,0.0401831492781639,-0.0551745221018791,-0.0732718706130981,-0.3726279437541961,-2942642159616.0,0.01,0.01,0.01,0.01,0.01,0.01,0.01,1.0,1.0,1.0,1.0,1.0,1.0,1.0,0.01,0.19918025,0.04018315,0.01,0.01,0.01,0.01,0.2631523,0.2006671,0.057946973,0.010000002,0.01693905,0.023770168,0.23593205,-0.2169818152624754,-0.7458127295139717
0.8600000000000001,-790536896.0,0.163574521369458,0.0194008983671665,-0.0771563053131103,-0.0503458082675933,-0.3514527082443237,-2942642159616.0,0.01,0.01,0.01,0.01,0.01,0.01,0.01,1.0,1.0,1.0,1.0,1.0,1.0,1.0,0.01,0.16357452,0.019400898,0.01,0.01,0.01,0.01,0.2631523,0.19802107,0.053920075,0.010000002,0.016243834,0.02236611,0.23593205,-0.2263834309815357,-1.0668535979790814
0.8700000000000001,-790536896.0,0.1251233051602625,-0.0116082411259412,-0.1103729382157325,0.0043783858418464,-0.2971749603748321,-2942642159616.0,0.01,0.01,0.01,0.01,0.01,0.01,0.01,1.0,1.0,1.0,1.0,1.0,1.0,1.0,0.01,0.1251233,0.01,0.01,0.01,0.01,0.01,0.2631523,0.18966502,0.049208593,0.010000001,0.0156190675,0.021109032,0.23593205,-0.2379326733164642,-1.203472805163062
0.8799999999999999,-790536896.0,0.0983562472471997,-0.0437712557613849,-0.1278944611549377,0.0556933432817459,-0.2362754899185394,-2942642159616.0,0.01,0.01,0.01,0.01,0.01,0.01,0.01,1.0,1.0,1.0,1.0,1.0,1.0,1.0,0.01,0.09835625,0.01,0.01,0.055693343,0.01,0.01,0.2631523,0.1775948,0.04495712,0.010000001,0.043738972,0.019984761,0.23593205,-0.2499837833549758,-1.1669133625733132
0.8899999999999999,-790536896.0,0.0685620222184038,-0.0707438960671424,-0.1465560495853424,-0.0825693309307098,-0.1287002674123074,-2942642159616.0,0.01,0.01,0.01,0.01,0.01,0.01,0.01,1.0,1.0,1.0,1.0,1.0,1.0,1.0,0.01,0.06856202,0.01,0.01,0.01,0.01,0.01,0.2631523,0.16421495,0.041204356,0.010000001,0.04178818,0.018977115,0.23593205,-0.2601263155070053,-0.8497538353600018
0.8999999999999999,-790536896.0,-0.0103042931617125,-0.0821738392114639,-0.1479750126600265,-0.0306373927742242,-0.0510559518026878,-2942642159616.0,0.01,0.01,0.01,0.01,0.01,0.01,0.01,1.0,1.0,1.0,1.0,1.0,1.0,1.0,0.01,0.01,0.01,0.01,0.01,0.01,0.01,0.2631523,0.1455767,0.037879284,0.010000001,0.038396116,0.018072234,0.23593205,-0.2660558698266292,-0.3830217635129825
0.91,-790536896.0,-0.1033169545147102,-0.0720067918300628,-0.129096120595932,-0.003518883138895,0.0244876535837619,-2942642159616.0,0.01,0.01,0.01,0.01,0.01,0.01,0.01,1.0,1.0,1.0,1.0,1.0,1.0,1.0,0.01,0.01,0.01,0.01,0.01,0.024487654,0.01,0.2631523,0.12758751,0.0349335,0.010000001,0.03539194,0.020395411,0.23593205,-0.2673474752467756,0.0566313433597368
0.92,-790536896.0,-0.1334082186222076,-0.0477183163166046,-0.1044523492455482,0.0009370557963848,0.0795381549305916,-2942642159616.0,0.01,0.01,0.01,0.01,0.01,0.01,0.01,1.0,1.0,1.0,1.0,1.0,1.0,1.0,0.01,0.01,0.01,0.01,0.01,0.07953815,0.01,0.2631523,0.11253553,0.032321777,0.010000001,0.032729205,0.0480506,0.23593205,-0.2649984912636389,0.3610699329492881
0.93,-790536896.0,-0.1181210875511169,-0.0205836873501539,-0.0821030214428901,-0.0132545307278633,-0.0122356704229081,-2942642159616.0,0.01,0.01,0.01,0.01,0.01,0.01,0.01,1.0,1.0,1.0,1.0,1.0,1.0,1.0,0.01,0.01,0.01,0.01,0.01,0.01,0.01,0.2631523,0.099773236,0.029996347,0.010000001,0.030358937,0.047177333,0.23593205,-0.2601886479509315,0.5678015260177881
0.94,-790536896.0,-0.0992445200681686,0.0025010854005813,-0.0673098862171173,-0.0299815721809864,-0.0202754545018841,-2942642159616.0,0.01,0.01,0.01,0.01,0.01,0.01,0.01,1.0,1.0,1.0,1.0,1.0,1.0,1.0,0.01,0.01,0.01,0.01,0.01,0.01,0.01,0.2631523,0.08886726,0.027922763,0.010000001,0.028245838,0.043157145,0.23593205,-0.2537044929983462,0.7011546345925617
0.95,-790536896.0,-0.085542231798172,0.0447880215942859,-0.0460840091109275,-0.0447378866374492,-0.065302339804299,-2942642159616.0,0.01,0.01,0.01,0.01,0.01,0.01,0.01,1.0,1.0,1.0,1.0,1.0,1.0,1.0,0.01,0.01,0.04478802,0.01,0.01,0.01,0.01,0.2631523,0.079499215,0.039161216,0.010000001,0.026361605,0.039605062,0.23593205,-0.2461813485676846,0.7823246972613295
0.96,-790536896.0,-0.0824320092797279,0.0056383945047855,-0.0271067470312118,-0.0641113147139549,-0.113384958947436,-2942642159616.0,0.01,0.01,0.01,0.01,0.01,0.01,0.01,1.0,1.0,1.0,1.0,1.0,1.0,1.0,0.01,0.01,0.01,0.01,0.01,0.01,0.01,0.2631523,0.07140842,0.03744443,0.010000001,0.02467997,0.03646065,0.23593205,-0.2382561574422053,0.7910821650766647
0.97,-790536896.0,-0.0722205343048008,0.0493399947881698,-0.0179787166416645,-0.082129031419754,-0.1419663615315213,-2942642159616.0,0.01,0.01,0.01,0.01,0.01,0.01,0.01,1.0,1.0,1.0,1.0,1.0,1.0,1.0,0.01,0.01,0.049339995,0.01,0.01,0.01,0.01,0.2631523,0.064385585,0.045185216,0.010000001,0.023177594,0.03367172,0.23593205,-0.23051578353553,0.7549275810302476
0.98,-790536896.0,0.0197091715700336,0.0352770574390888,-0.0256737060844898,-0.0953218340873718,-0.1818686555730104,-2942642159616.0,0.01,0.01,0.01,0.01,0.01,0.01,0.01,1.0,1.0,1.0,1.0,1.0,1.0,1.0,0.01,0.019709172,0.035277057,0.01,0.01,0.01,0.01,0.2631523,0.058551397,0.04533003,0.010000001,0.021829125,0.031184128,0.23593205,-0.2233952427993339,0.6794718386805689
0.99,-790536896.0,0.1061911495128706,0.0639436990022659,-0.0225308574736118,-0.1028821915388107,-0.2691442929248407,-2942642159616.0,0.01,0.01,0.01,0.01,0.01,0.01,0.01,1.0,1.0,1.0,1.0,1.0,1.0,1.0,0.01,0.10619115,0.0639437,0.01,0.01,0.01,0.01,0.2631523,0.077291794,0.05734241,0.010000001,0.020628491,0.028982598,0.23593205,-0.2170805258357517,0.5873709211735639
1.0,-790536896.0,0.1552298232365786,0.0382720343768596,-0.0240255184471607,-0.105677381157875,-0.378849553341329,-2942642159616.0,0.01,0.01,0.01,0.01,0.01,0.01,0.01,1.0,1.0,1.0,1.0,1.0,1.0,1.0,0.01,0.15522982,0.038272034,0.01,0.01,0.01,0.01,0.2631523,0.11339181,0.0562265,0.010000001,0.019553943,0.027022397,0.23593205,-0.2121807227716949,0.389365893080808
1.0099999999999998,-790536896.0,0.2204353941763874,0.0572587475180625,-0.0300816856324672,-0.1026088148355484,-0.4013539850711822,-2942642159616.0,0.01,0.01,0.01,0.01,0.01,0.01,0.01,1.0,1.0,1.0,1.0,1.0,1.0,1.0,0.01,0.2204354,0.057258748,0.01,0.01,0.01,0.01,0.2631523,0.16623433,0.056821745,0.010000001,0.01859063,0.025273105,0.23593205,-0.2099795692713631,0.0594588671594664
1.02,-790536896.0,0.2126677701363781,0.0522380173206329,-0.0420447625219821,-0.0906365364789962,-0.3898111581802368,-2942642159616.0,0.01,0.01,0.01,0.01,0.01,0.01,0.01,1.0,1.0,1.0,1.0,1.0,1.0,1.0,0.01,0.21266776,0.052238017,0.01,0.01,0.01,0.01,0.2631523,0.1945941,0.056403212,0.010000001,0.017726263,0.023709875,0.23593205,-0.2118280235072803,-0.3957775277303871
1.0299999999999998,-790536896.0,0.1944874695418166,0.0351939611136913,-0.0580038055777549,-0.0687062591314315,-0.3695127069950104,-2942642159616.0,0.01,0.01,0.01,0.01,0.01,0.01,0.01,1.0,1.0,1.0,1.0,1.0,1.0,1.0,0.01,0.19448747,0.03519396,0.01,0.01,0.01,0.01,0.2631523,0.20436238,0.05438973,0.01,0.016949283,0.022309748,0.23593205,-0.2184456961367283,-0.8485895911980793
1.04,-790536896.0,0.1564698697248414,0.0121882511302828,-0.0843599140644073,-0.0423516854643821,-0.3445182740688324,-2942642159616.0,0.01,0.01,0.01,0.01,0.01,0.01,0.01,1.0,1.0,1.0,1.0,1.0,1.0,1.0,0.01,0.15646987,0.012188251,0.01,0.01,0.01,0.01,0.2631523,0.2000281,0.05001365,0.01,0.01625326,0.021059701,0.23593205,-0.2286794390668084,-1.13460483599018
1.0499999999999998,-790536896.0,0.1191359544663921,-0.0207552909851074,-0.1178259551525116,0.0224084071815013,-0.2792136371135711,-2942642159616.0,0.01,0.01,0.01,0.01,0.01,0.01,0.01,1.0,1.0,1.0,1.0,1.0,1.0,1.0,0.01,0.11913595,0.01,0.01,0.022408407,0.01,0.01,0.2631523,0.19022644,0.045685392,0.01,0.020564357,0.019939296,0.23593205,-0.2407077137161103,-1.2270909146532378
1.06,-790536896.0,0.0970471694431344,-0.0534374676644802,-0.1386810541152954,-0.0069332607090473,-0.1988046299973931,-2942642159616.0,0.01,0.01,0.01,0.01,0.01,0.01,0.01,1.0,1.0,1.0,1.0,1.0,1.0,1.0,0.01,0.09704717,0.01,0.01,0.01,0.01,0.01,0.2631523,0.17767142,0.04184215,0.01,0.019861555,0.018935045,0.23593205,-0.2525853767074317,-1.1377446116090566
1.0699999999999998,-790536896.0,0.0473699520628895,-0.0778932124376297,-0.1497044563293457,0.0613132938742637,-0.1016646434157827,-2942642159616.0,0.01,0.01,0.01,0.01,0.01,0.01,0.01,1.0,1.0,1.0,1.0,1.0,1.0,1.0,0.01,0.047369953,0.01,0.01,0.061313294,0.01,0.01,0.2631523,0.1620868,0.038448777,0.01,0.04879619,0.018035665,0.23593205,-0.2629220456182592,-0.9173186252240382
1.08,-790536896.0,-0.041651561250498,-0.0891763344407081,-0.1511714160442352,-0.068391814827919,-0.0139680946194301,-2942642159616.0,0.01,0.01,0.01,0.01,0.01,0.01,0.01,1.0,1.0,1.0,1.0,1.0,1.0,1.0,0.01,0.01,0.01,0.01,0.01,0.01,0.01,0.2631523,0.1418346,0.035441168,0.01,0.046442743,0.017228536,0.23593205,-0.269876245096855,-0.487630910239559
1.09,-790536896.0,-0.1427810166841888,-0.0822835117578506,-0.1360136419534683,-0.0276220198720693,0.06982827946233,-2942642159616.0,0.01,0.01,0.01,0.01,0.01,0.01,0.01,1.0,1.0,1.0,1.0,1.0,1.0,1.0,0.01,0.01,0.01,0.01,0.01,0.06982828,0.01,0.2631523,0.12446121,0.032768838,0.01,0.042511586,0.040583253,0.23593205,-0.2719237771051924,0.0196793839927187
1.1,-790536896.0,-0.1382194012403488,-0.0579055584967136,-0.1104067042469978,-0.0156620033085346,0.016403889567848,-2942642159616.0,0.01,0.01,0.01,0.01,0.01,0.01,0.01,1.0,1.0,1.0,1.0,1.0,1.0,1.0,0.01,0.01,0.01,0.01,0.01,0.01640389,0.01,0.2631523,0.10989376,0.030396119,0.01,0.039042216,0.040593747,0.23593205,-0.269074829541337,0.4923373740140194
1.11,-790536896.0,-0.1212100759148597,-0.0250447522848844,-0.0829270407557487,-0.0208841450512409,0.0373983451831363,-2942642159616.0,0.01,0.01,0.01,0.01,0.01,0.01,0.01,1.0,1.0,1.0,1.0,1.0,1.0,1.0,0.01,0.01,0.01,0.01,0.01,0.037398346,0.01,0.2631523,0.09754354,0.028283698,0.01,0.03596977,0.04259658,0.23593205,-0.2622695396121477,0.8083118444444823
1.12,-790536896.0,-0.0945315062999725,0.0073775853961706,-0.0604820698499679,-0.0361114554107189,-0.0245209844230535,-2942642159616.0,0.01,0.01,0.01,0.01,0.01,0.01,0.01,1.0,1.0,1.0,1.0,1.0,1.0,1.0,0.01,0.01,0.01,0.01,0.01,0.01,0.01,0.2631523,0.086978465,0.026398674,0.01,0.033240832,0.039374474,0.23593205,-0.2533078394785074,0.9477982133995562
1.13,-790536896.0,-0.0739915743470192,0.0754136517643928,-0.0259433090686798,-0.0583473555743694,-0.0860896702195417,-2942642159616.0,0.01,0.01,0.01,0.01,0.01,0.01,0.01,1.0,1.0,1.0,1.0,1.0,1.0,1.0,0.01,0.01,0.07541365,0.01,0.01,0.01,0.01,0.2631523,0.07788478,0.060488105,0.01,0.03081348,0.036260046,0.23593205,-0.243581345237459,0.9712989081778224
1.14,-790536896.0,-0.0716662183403968,-0.025121483951807,-0.0180892199277877,-0.0809924304485321,-0.1356575447639592,-2942642159616.0,0.01,0.01,0.01,0.01,0.01,0.01,0.01,1.0,1.0,1.0,1.0,1.0,1.0,1.0,0.01,0.01,0.01,0.01,0.01,0.01,0.01,0.2631523,0.07001573,0.057341747,0.01,0.028651565,0.0334954,0.23593205,-0.2344919383650966,0.8399311927785299
1.15,-790536896.0,-0.0263263962218237,0.0242811162024736,-0.0258650444447994,-0.096162348985672,-0.1585094216866607,-2942642159616.0,0.01,0.01,0.01,0.01,0.01,0.01,0.01,1.0,1.0,1.0,1.0,1.0,1.0,1.0,0.01,0.01,0.024281116,0.01,0.01,0.01,0.01,0.2631523,0.06317314,0.053440973,0.01,0.0267234,0.031036958,0.23593205,-0.2273147529497531,0.6205978809085012
1.16,-790536896.0,0.0541398745381982,0.0654748976230621,-0.0276605673134326,-0.1001843065023422,-0.2169523617769329,-2942642159616.0,0.01,0.01,0.01,0.01,0.01,0.01,0.01,1.0,1.0,1.0,1.0,1.0,1.0,1.0,0.01,0.054139875,0.0654749,0.01,0.01,0.01,0.01,0.2631523,0.05892681,0.06099569,0.01,0.025002496,0.028848583,0.23593205,-0.2222409539724103,0.4306942498120344
1.17,-790536896.0,0.1317286691500976,0.0482353270053863,-0.0329315923154354,-0.095989853143692,-0.3070417863031973,-2942642159616.0,0.01,0.01,0.01,0.01,0.01,0.01,0.01,1.0,1.0,1.0,1.0,1.0,1.0,1.0,0.01,0.13172866,0.048235327,0.01,0.01,0.01,0.01,0.2631523,0.09256623,0.060400307,0.01,0.023467464,0.026901236,0.23593205,-0.2187923857912976,0.2769536732876873
1.1800000000000002,-790536896.0,0.1746963964014712,0.0564322471618652,-0.0399160981178283,-0.0886396169662475,-0.3934914171695709,-2942642159616.0,0.01,0.01,0.01,0.01,0.01,0.01,0.01,1.0,1.0,1.0,1.0,1.0,1.0,1.0,0.01,0.1746964,0.056432247,0.01,0.01,0.01,0.01,0.2631523,0.13094832,0.059817098,0.01,0.022094656,0.025163345,0.23593205,-0.2170129254705524,0.0897109107877342
1.19,-790536896.0,0.2170040366074405,0.0528596118092536,-0.047776848077774,-0.0789323672652244,-0.3825234174728393,-2942642159616.0,0.01,0.01,0.01,0.01,0.01,0.01,0.01,1.0,1.0,1.0,1.0,1.0,1.0,1.0,0.01,0.21700403,0.05285961,0.01,0.01,0.01,0.01,0.2631523,0.17565273,0.05908926,0.01,0.020865373,0.023610057,0.23593205,-0.2175457924631086,-0.1791832343183345
1.2000000000000002,-790536896.0,0.1979772991124653,0.040809828788042,-0.0577102564275264,-0.0652021989226341,-0.3682986795902252,-2942642159616.0,0.01,0.01,0.01,0.01,0.01,0.01,0.01,1.0,1.0,1.0,1.0,1.0,1.0,1.0,0.01,0.1979773,0.04080983,0.01,0.01,0.01,0.01,0.2631523,0.19372813,0.05722067,0.01,0.01976451,0.022221383,0.23593205,-0.2212884157365311,-0.5327653454398235
1.21,-790536896.0,0.1749265303594786,0.0236435197293758,-0.0721703767776489,-0.0502358861267566,-0.3536658883094787,-2942642159616.0,0.01,0.01,0.01,0.01,0.01,0.01,0.01,1.0,1.0,1.0,1.0,1.0,1.0,1.0,0.01,0.17492653,0.02364352,0.01,0.01,0.01,0.01,0.2631523,0.19670142,0.053800218,0.01,0.018777639,0.020978369,0.23593205,-0.2285133981125674,-0.8510658388469083
1.2200000000000002,-790536896.0,0.137636002383964,0.0012690145522356,-0.0986849144101142,-0.0136600881814956,-0.3179745376110077,-2942642159616.0,0.01,0.01,0.01,0.01,0.01,0.01,0.01,1.0,1.0,1.0,1.0,1.0,1.0,1.0,0.01,0.137636,0.01,0.01,0.01,0.01,0.01,0.2631523,0.19067764,0.04916733,0.01,0.017893113,0.019865777,0.23593205,-0.2381603880227672,-1.0325131889318129
1.23,-790536896.0,0.1079579475601117,-0.0269372221082448,-0.1165844053030014,0.0383456349372863,-0.2620781362056732,-2942642159616.0,0.01,0.01,0.01,0.01,0.01,0.01,0.01,1.0,1.0,1.0,1.0,1.0,1.0,1.0,0.01,0.107957944,0.01,0.01,0.038345635,0.01,0.01,0.2631523,0.18030529,0.04491555,0.01,0.031943463,0.01886945,0.23593205,-0.2488520832276465,-1.0686323694687687
1.2400000000000002,-790536896.0,0.0847025008732202,-0.0533468164503574,-0.1355008780956268,-0.0447553992271423,-0.1645866197385528,-2942642159616.0,0.01,0.01,0.01,0.01,0.01,0.01,0.01,1.0,1.0,1.0,1.0,1.0,1.0,1.0,0.01,0.0847025,0.01,0.01,0.01,0.01,0.01,0.2631523,0.16811629,0.041166168,0.01,0.03066692,0.017976621,0.23593205,-0.2587090311486441,-0.8867593619866324
1.25,-790536896.0,0.01410181724893,-0.0699139386415481,-0.1436514854431152,-0.0070437937974929,-0.074966062801429,-2942642159616.0,0.01,0.01,0.01,0.01,0.01,0.01,0.01,1.0,1.0,1.0,1.0,1.0,1.0,1.0,0.01,0.014101817,0.01,0.01,0.01,0.01,0.01,0.2631523,0.15099515,0.037841283,0.01,0.028518375,0.017173762,0.23593205,-0.2658527752494962,-0.578952488875198
1.2599999999999998,-790536896.0,-0.0791708157763574,-0.0704621076583862,-0.1341930776834488,0.0298969969153404,0.0088411175506208,-2942642159616.0,0.01,0.01,0.01,0.01,0.01,0.01,0.01,1.0,1.0,1.0,1.0,1.0,1.0,1.0,0.01,0.01,0.01,0.01,0.029896997,0.01,0.01,0.2631523,0.13213356,0.034893487,0.01,0.029319955,0.016452875,0.23593205,-0.2698895423737536,-0.2804911182150549
1.27,-790536896.0,-0.1389582157135009,-0.0590124726295471,-0.1183861792087555,0.0024418011307716,0.1009091184353943,-2942642159616.0,0.01,0.01,0.01,0.01,0.01,0.01,0.01,1.0,1.0,1.0,1.0,1.0,1.0,1.0,0.01,0.01,0.01,0.01,0.01,0.10090912,0.01,0.2631523,0.11634652,0.032284178,0.01,0.02758338,0.06022255,0.23593205,-0.2711891008286634,-0.0070639658415633
1.2799999999999998,-790536896.0,-0.1331564486026764,-0.042135365307331,-0.1023612320423126,-0.000935923308134,-0.0373137216623459,-2942642159616.0,0.01,0.01,0.01,0.01,0.01,0.01,0.01,1.0,1.0,1.0,1.0,1.0,1.0,1.0,0.01,0.01,0.01,0.01,0.01,0.01,0.01,0.2631523,0.10300605,0.029962432,0.01,0.02577278,0.05763749,0.23593205,-0.2695507284420585,0.3063707061883213
1.29,-790536896.0,-0.121715024113655,-0.0224631484597921,-0.0846034660935401,-0.0153196901082992,-0.0068108480643757,-2942642159616.0,0.01,0.01,0.01,0.01,0.01,0.01,0.01,1.0,1.0,1.0,1.0,1.0,1.0,1.0,0.01,0.01,0.01,0.01,0.01,0.01,0.01,0.2631523,0.09162699,0.02789186,0.01,0.02415395,0.05253367,0.23593205,-0.2647657661545555,0.5995545819297242
1.3000000000000005,-790536896.0,-0.1046220958232879,0.0011129509657621,-0.069242276251316,-0.0333215594291687,-0.0418354874093604,-2942642159616.0,0.01,0.01,0.01,0.01,0.01,0.01,0.01,1.0,1.0,1.0,1.0,1.0,1.0,1.0,0.01,0.01,0.01,0.01,0.01,0.01,0.01,0.2631523,0.08187809,0.026046358,0.01,0.022707753,0.047875993,0.23593205,-0.2575431065938608,0.8034576621210012
1.31,-790536896.0,-0.0895500481128692,0.0507224574685096,-0.0435270145535469,-0.051730178296566,-0.0926463620933549,-2942642159616.0,0.01,0.01,0.01,0.01,0.01,0.01,0.01,1.0,1.0,1.0,1.0,1.0,1.0,1.0,0.01,0.01,0.050722457,0.01,0.01,0.01,0.01,0.2631523,0.07347662,0.04287546,0.01,0.021414876,0.043776397,0.23593205,-0.2487849740968575,0.9168762644109404
1.3199999999999998,-790536896.0,-0.0826342654541329,-0.0033460329286754,-0.0185129828751087,-0.0775237306952476,-0.1300403452629136,-2942642159616.0,0.01,0.01,0.01,0.01,0.01,0.01,0.01,1.0,1.0,1.0,1.0,1.0,1.0,1.0,0.01,0.01,0.01,0.01,0.01,0.01,0.01,0.2631523,0.06618673,0.04090807,0.01,0.020256719,0.040153816,0.23593205,-0.2395839274053685,0.9068412952879829
1.33,-790536896.0,0.0154889607819092,0.0423107855021953,-0.0078759416937828,-0.0990388542413711,-0.1687801479717385,-2942642159616.0,0.01,0.01,0.01,0.01,0.01,0.01,0.01,1.0,1.0,1.0,1.0,1.0,1.0,1.0,0.01,0.015488961,0.042310786,0.01,0.01,0.01,0.01,0.2631523,0.060017567,0.04171376,0.01,0.019217776,0.036943212,0.23593205,-0.2309488141341151,0.8268076935416103
1.34,-790536896.0,0.1034524536149704,0.071223184466362,-0.0227534733712673,-0.1118158251047134,-0.2568308020019415,-2942642159616.0,0.01,0.01,0.01,0.01,0.01,0.01,0.01,1.0,1.0,1.0,1.0,1.0,1.0,1.0,0.01,0.10345245,0.071223184,0.01,0.01,0.01,0.01,0.2631523,0.07674602,0.061384372,0.01,0.018289596,0.03410693,0.23593205,-0.2232462665799091,0.7105277259217588
1.35,-790536896.0,0.1483769521323489,0.0275484547019004,-0.0201895497739315,-0.1165772676467895,-0.367186010721649,-2942642159616.0,0.01,0.01,0.01,0.01,0.01,0.01,0.01,1.0,1.0,1.0,1.0,1.0,1.0,1.0,0.01,0.14837696,0.027548455,0.01,0.01,0.01,0.01,0.2631523,0.109140486,0.059038095,0.01,0.017456751,0.03158639,0.23593205,-0.217431477822401,0.4503387133455598
1.36,-790536896.0,0.2255409169061774,0.0540672913193702,-0.0270251855254173,-0.111802339553833,-0.4040317237377167,-2942642159616.0,0.01,0.01,0.01,0.01,0.01,0.01,0.01,1.0,1.0,1.0,1.0,1.0,1.0,1.0,0.01,0.22554092,0.05406729,0.01,0.01,0.01,0.01,0.2631523,0.16647999,0.058156773,0.01,0.016708994,0.029342756,0.23593205,-0.2149641231029204,0.0606916493087741
1.37,-790536896.0,0.2157227955693307,0.0549136362969875,-0.0418142080307006,-0.0955915376543998,-0.3905966877937317,-2942642159616.0,0.01,0.01,0.01,0.01,0.01,0.01,0.01,1.0,1.0,1.0,1.0,1.0,1.0,1.0,0.01,0.2157228,0.054913636,0.01,0.01,0.01,0.01,0.2631523,0.19574346,0.057784565,0.01,0.016036753,0.02734108,0.23593205,-0.2170481165125683,-0.4296934188812196
1.38,-790536896.0,0.1994781585621772,0.0346263349056243,-0.0597321353852748,-0.0693314969539642,-0.3675824403762817,-2942642159616.0,0.01,0.01,0.01,0.01,0.01,0.01,0.01,1.0,1.0,1.0,1.0,1.0,1.0,1.0,0.01,0.19947816,0.034626335,0.01,0.01,0.01,0.01,0.2631523,0.20658119,0.055559803,0.01,0.01543277,0.025555046,0.23593205,-0.2240586551446772,-0.894490444072779
1.39,-790536896.0,0.159918363798123,0.0099821118637919,-0.0874957665801048,-0.0406634733080863,-0.3414110839366913,-2942642159616.0,0.01,0.01,0.01,0.01,0.01,0.01,0.01,1.0,1.0,1.0,1.0,1.0,1.0,1.0,0.01,0.15991837,0.01,0.01,0.01,0.01,0.01,0.2631523,0.20244922,0.050814312,0.01,0.014890878,0.02396267,0.23593205,-0.2347243735435777,-1.174345832051327
1.4,-790536896.0,0.1199490441192421,-0.0242340788245201,-0.1222302317619323,0.0277668535709381,-0.2720974385738373,-2942642159616.0,0.01,0.01,0.01,0.01,0.01,0.01,0.01,1.0,1.0,1.0,1.0,1.0,1.0,1.0,0.01,0.11994904,0.01,0.01,0.027766854,0.01,0.01,0.2631523,0.19247459,0.04637119,0.01,0.023868365,0.022539059,0.23593205,-0.2470359401938967,-1.2435604645853946
1.41,-790536896.0,0.0955063307808589,-0.0577767565846443,-0.1399436742067337,-0.0345365144312381,-0.1941157946631495,-2942642159616.0,0.01,0.01,0.01,0.01,0.01,0.01,0.01,1.0,1.0,1.0,1.0,1.0,1.0,1.0,0.01,0.09550633,0.01,0.01,0.01,0.01,0.01,0.2631523,0.1794318,0.04245069,0.01,0.023057634,0.021264527,0.23593205,-0.2588064280773639,-1.0958719086928583
1.42,-790536896.0,0.0483645820521434,-0.0810293927788734,-0.154857337474823,0.032393179833889,-0.0994040084596296,-2942642159616.0,0.01,0.01,0.01,0.01,0.01,0.01,0.01,1.0,1.0,1.0,1.0,1.0,1.0,1.0,0.01,0.048364583,0.01,0.01,0.03239318,0.01,0.01,0.2631523,0.16402452,0.03897954,0.01,0.029447744,0.020121519,0.23593205,-0.2683369744626131,-0.8316780402963548
1.4300000000000002,-790536896.0,-0.0376823668921293,-0.0881824716925621,-0.1497468054294586,-0.0094655100256204,-0.0163152315814618,-2942642159616.0,0.01,0.01,0.01,0.01,0.01,0.01,0.01,1.0,1.0,1.0,1.0,1.0,1.0,1.0,0.01,0.01,0.01,0.01,0.01,0.01,0.01,0.2631523,0.14381692,0.03590407,0.01,0.028333392,0.019097023,0.23593205,-0.2747477252885623,-0.4919971315844556
1.44,-790536896.0,-0.1373555542081984,-0.0802767425775528,-0.1346646547317505,0.0170115046203136,0.0705529675352232,-2942642159616.0,0.01,0.01,0.01,0.01,0.01,0.01,0.01,1.0,1.0,1.0,1.0,1.0,1.0,1.0,0.01,0.01,0.01,0.01,0.017011505,0.07055297,0.01,0.2631523,0.12610386,0.03317865,0.01,0.027042804,0.041786466,0.23593205,-0.2777706302803349,-0.1608615435136743
1.4500000000000002,-790536896.0,-0.1393965035676956,-0.0624641813337802,-0.1161630377173423,0.0107415653765201,0.0314123852838274,-2942642159616.0,0.01,0.01,0.01,0.01,0.01,0.01,0.01,1.0,1.0,1.0,1.0,1.0,1.0,1.0,0.01,0.01,0.01,0.01,0.010741565,0.031412385,0.01,0.2631523,0.11124788,0.030757006,0.01,0.025419557,0.042126898,0.23593205,-0.2775825814421208,0.1584391657050042
1.46,-790536896.0,-0.1302246749401092,-0.0397327542304992,-0.0968830212950706,-0.0042104646563529,0.0560361044811819,-2942642159616.0,0.01,0.01,0.01,0.01,0.01,0.01,0.01,1.0,1.0,1.0,1.0,1.0,1.0,1.0,0.01,0.01,0.01,0.01,0.01,0.056036104,0.01,0.2631523,0.09865417,0.028599994,0.01,0.023847757,0.053885233,0.23593205,-0.2744092897455545,0.4303661565770786
1.4700000000000002,-790536896.0,-0.1153337806463241,-0.0191509146243333,-0.0806016474962234,-0.0219721924513578,-0.0232436735289908,-2942642159616.0,0.01,0.01,0.01,0.01,0.01,0.01,0.01,1.0,1.0,1.0,1.0,1.0,1.0,1.0,0.01,0.01,0.01,0.01,0.01,0.01,0.01,0.2631523,0.08790156,0.026676958,0.01,0.022433178,0.05016399,0.23593205,-0.2688501185376907,0.6412221398042353
1.48,-790536896.0,-0.0995638370513916,0.0115227214992046,-0.0628968328237533,-0.0380790904164314,-0.069980656983333,-2942642159616.0,0.01,0.01,0.01,0.01,0.01,0.01,0.01,1.0,1.0,1.0,1.0,1.0,1.0,1.0,0.01,0.01,0.0115227215,0.01,0.01,0.01,0.01,0.2631523,0.07866398,0.025093174,0.01,0.021167686,0.04578752,0.23593205,-0.2615533338233266,0.7891572356022822
1.4900000000000002,-790536896.0,-0.0903484597802162,0.058951660990715,-0.0384359546005725,-0.0582647621631622,-0.1112277548962594,-2942642159616.0,0.01,0.01,0.01,0.01,0.01,0.01,0.01,1.0,1.0,1.0,1.0,1.0,1.0,1.0,0.01,0.01,0.05895166,0.01,0.01,0.01,0.01,0.2631523,0.07069908,0.048512932,0.01,0.020036537,0.04193535,0.23593205,-0.2530742649200626,0.8814165736209566
1.5,-790536896.0,-0.028112373568186,-0.0187245849519968,-0.0199241377413272,-0.0814295709133148,-0.1377237442253772,-2942642159616.0,0.01,0.01,0.01,0.01,0.01,0.01,0.01,1.0,1.0,1.0,1.0,1.0,1.0,1.0,0.01,0.01,0.01,0.01,0.01,0.01,0.01,0.2631523,0.06377052,0.04639555,0.01,0.019021776,0.03852517,0.23593205,-0.2443192421885253,0.8532407115471383
1.5099999999999998,-790536896.0,0.0645869061393187,0.0214772652834653,-0.0218618661165237,-0.0996973067522049,-0.2085487763432031,-2942642159616.0,0.01,0.01,0.01,0.01,0.01,0.01,0.01,1.0,1.0,1.0,1.0,1.0,1.0,1.0,0.01,0.06458691,0.021477265,0.01,0.01,0.01,0.01,0.2631523,0.061462186,0.0435373,0.01,0.018111493,0.03550239,0.23593205,-0.2363486279566685,0.7497788837726939
1.52,-790536896.0,0.1389602110195284,0.0712308809161186,-0.0180279575288295,-0.108763076364994,-0.3116482271248268,-2942642159616.0,0.01,0.01,0.01,0.01,0.01,0.01,0.01,1.0,1.0,1.0,1.0,1.0,1.0,1.0,0.01,0.13896021,0.07123088,0.01,0.01,0.01,0.01,0.2631523,0.09806828,0.062014647,0.01,0.017297322,0.032828234,0.23593205,-0.2296180687961114,0.5884759757576192
1.5299999999999998,-790536896.0,0.1902291655680839,0.0261391308158636,-0.0129535421729087,-0.1096455305814743,-0.400393933057785,-2942642159616.0,0.01,0.01,0.01,0.01,0.01,0.01,0.01,1.0,1.0,1.0,1.0,1.0,1.0,1.0,0.01,0.19022916,0.02613913,0.01,0.01,0.01,0.01,0.2631523,0.14128031,0.059265316,0.01,0.016566401,0.030450145,0.23593205,-0.2253557714856191,0.2609134462117237
1.54,-790536896.0,0.2283330975029199,0.0456915274262428,-0.0393761172890663,-0.1000192314386367,-0.3925433754920959,-2942642159616.0,0.01,0.01,0.01,0.01,0.01,0.01,0.01,1.0,1.0,1.0,1.0,1.0,1.0,1.0,0.01,0.2283331,0.045691527,0.01,0.01,0.01,0.01,0.2631523,0.18733461,0.057541277,0.01,0.01590931,0.028330138,0.23593205,-0.225242530313701,-0.2084423239615229
1.5500000000000005,-790536896.0,0.2072370575583816,0.039111889898777,-0.0551683530211448,-0.0780962035059928,-0.3741282522678375,-2942642159616.0,0.01,0.01,0.01,0.01,0.01,0.01,0.01,1.0,1.0,1.0,1.0,1.0,1.0,1.0,0.01,0.20723706,0.03911189,0.01,0.01,0.01,0.01,0.2631523,0.20444842,0.055581804,0.01,0.015318185,0.026437225,0.23593205,-0.2302478313303363,-0.72199392337332
1.56,-790536896.0,0.1774017647129058,0.0163599476218223,-0.0758833661675453,-0.0519971922039985,-0.3515840172767639,-2942642159616.0,0.01,0.01,0.01,0.01,0.01,0.01,0.01,1.0,1.0,1.0,1.0,1.0,1.0,1.0,0.01,0.17740177,0.016359948,0.01,0.01,0.01,0.01,0.2631523,0.20408571,0.051522486,0.01,0.014787896,0.024750838,0.23593205,-0.2397323044326827,-1.1005685562481176
1.5699999999999998,-790536896.0,0.1344779381885266,-0.0140377590432763,-0.1057073324918747,-0.0014665834605693,-0.3032670617103576,-2942642159616.0,0.01,0.01,0.01,0.01,0.01,0.01,0.01,1.0,1.0,1.0,1.0,1.0,1.0,1.0,0.01,0.13447794,0.01,0.01,0.01,0.01,0.01,0.2631523,0.196484,0.04705484,0.01,0.014310821,0.023242833,0.23593205,-0.2517816113389095,-1.2638248588768826
1.58,-790536896.0,0.1000317168168032,-0.0503734312951564,-0.1406700909137725,0.0621480271220207,-0.2262678742408752,-2942642159616.0,0.01,0.01,0.01,0.01,0.01,0.01,0.01,1.0,1.0,1.0,1.0,1.0,1.0,1.0,0.01,0.10003172,0.01,0.01,0.062148027,0.01,0.01,0.2631523,0.18384929,0.04305842,0.01,0.047919266,0.021895638,0.23593205,-0.264475841481618,-1.2296268470619465
1.59,-790536896.0,0.0704282512988558,-0.0813543125987052,-0.1623159945011139,-0.0936180874705314,-0.1252399081050854,-2942642159616.0,0.01,0.01,0.01,0.01,0.01,0.01,0.01,1.0,1.0,1.0,1.0,1.0,1.0,1.0,0.01,0.07042825,0.01,0.01,0.01,0.01,0.01,0.2631523,0.16945457,0.039526124,0.01,0.04569974,0.02068943,0.23593205,-0.2751292520229934,-0.8865616772669972
1.6,-790536896.0,-0.0038318443979601,-0.0946636274456977,-0.1588417589664459,-0.0281929727643728,-0.046978115743092,-2942642159616.0,0.01,0.01,0.01,0.01,0.01,0.01,0.01,1.0,1.0,1.0,1.0,1.0,1.0,1.0,0.01,0.01,0.01,0.01,0.01,0.01,0.01,0.2631523,0.150271,0.03639304,0.01,0.041854836,0.019607304,0.23593205,-0.2812151102766994,-0.3804370411125977
1.61,-790536896.0,-0.0934625275315981,-0.083445206284523,-0.1364326924085617,-0.0027655996382236,0.0251963978172327,-2942642159616.0,0.01,0.01,0.01,0.01,0.01,0.01,0.01,1.0,1.0,1.0,1.0,1.0,1.0,1.0,0.01,0.01,0.01,0.01,0.01,0.025196398,0.01,0.2631523,0.13150208,0.033614784,0.01,0.038456835,0.021540135,0.23593205,-0.2822669813154328,0.0974028906541101
1.62,-790536896.0,-0.1343543827533722,-0.0566003695130348,-0.1092342436313629,0.0035237893462181,0.0830507565556635,-2942642159616.0,0.01,0.01,0.01,0.01,0.01,0.01,0.01,1.0,1.0,1.0,1.0,1.0,1.0,1.0,0.01,0.01,0.01,0.01,0.01,0.08305076,0.01,0.2631523,0.11584201,0.031150237,0.01,0.035451584,0.049552057,0.23593205,-0.2793849902251908,0.4232637058051208
1.63,-790536896.0,-0.1170861050486564,-0.027451841160655,-0.0855644568800926,-0.0090429186820983,-0.0013392222104702,-2942642159616.0,0.01,0.01,0.01,0.01,0.01,0.01,0.01,1.0,1.0,1.0,1.0,1.0,1.0,1.0,0.01,0.01,0.01,0.01,0.01,0.01,0.01,0.2631523,0.10258223,0.028953334,0.01,0.032779645,0.048427984,0.23593205,-0.273953131423694,0.6269924229335657
1.64,-790536896.0,-0.0958367586135864,-0.0010182838886976,-0.068729855120182,-0.0253366902470588,-0.0092648075831349,-2942642159616.0,0.01,0.01,0.01,0.01,0.01,0.01,0.01,1.0,1.0,1.0,1.0,1.0,1.0,1.0,0.01,0.01,0.01,0.01,0.01,0.01,0.01,0.2631523,0.09127051,0.026993113,0.01,0.030401098,0.04447293,0.23593205,-0.2669670805963666,0.7441251914584578
1.65,-790536896.0,-0.0819280967116355,0.0464761108160018,-0.0450148992240428,-0.0398908779025077,-0.0561836198324218,-2942642159616.0,0.01,0.01,0.01,0.01,0.01,0.01,0.01,1.0,1.0,1.0,1.0,1.0,1.0,1.0,0.01,0.01,0.04647611,0.01,0.01,0.01,0.01,0.2631523,0.081572056,0.04018134,0.01,0.028283589,0.040769532,0.23593205,-0.2590978026466193,0.8109593769168262
1.66,-790536896.0,-0.0803482607007026,-0.0033895513042807,-0.0269882194697856,-0.0601635426282882,-0.1061024493744604,-2942642159616.0,0.01,0.01,0.01,0.01,0.01,0.01,0.01,1.0,1.0,1.0,1.0,1.0,1.0,1.0,0.01,0.01,0.01,0.01,0.01,0.01,0.01,0.2631523,0.0731992,0.038575094,0.01,0.026394704,0.037491128,0.23593205,-0.2509941475777124,0.7985062782867145
1.67,-790536896.0,-0.066380784739444,0.0390105918049812,-0.0205422639846801,-0.077254943549633,-0.1363687892706052,-2942642159616.0,0.01,0.01,0.01,0.01,0.01,0.01,0.01,1.0,1.0,1.0,1.0,1.0,1.0,1.0,0.01,0.01,0.03901059,0.01,0.01,0.01,0.01,0.2631523,0.06591309,0.03870659,0.01,0.024703864,0.034575988,0.23593205,-0.2433008831377842,0.749676299427039
1.6800000000000002,-790536896.0,0.0256556102601968,0.0629180744290351,-0.0292919240891933,-0.0890548080205917,-0.1804013897986241,-2942642159616.0,0.01,0.01,0.01,0.01,0.01,0.01,0.01,1.0,1.0,1.0,1.0,1.0,1.0,1.0,0.01,0.02565561,0.062918074,0.01,0.01,0.01,0.01,0.2631523,0.06009286,0.0552403,0.01,0.023196734,0.03199372,0.23593205,-0.2360219556114456,0.7091976986434051
1.69,-790536896.0,0.1140663976469418,0.0189903732389211,-0.0224581025540828,-0.0967334657907486,-0.2707934543013442,-2942642159616.0,0.01,0.01,0.01,0.01,0.01,0.01,0.01,1.0,1.0,1.0,1.0,1.0,1.0,1.0,0.01,0.1140664,0.018990373,0.01,0.01,0.01,0.01,0.2631523,0.082245566,0.052971303,0.01,0.021852566,0.029703384,0.23593205,-0.2294524641133201,0.6002865983935256
1.7000000000000002,-790536896.0,0.1627299709505431,0.0510865561664104,-0.0144236870110034,-0.1001351624727249,-0.3816262825862199,-2942642159616.0,0.01,0.01,0.01,0.01,0.01,0.01,0.01,1.0,1.0,1.0,1.0,1.0,1.0,1.0,0.01,0.16272996,0.051086556,0.01,0.01,0.01,0.01,0.2631523,0.11973812,0.052368708,0.01,0.020650163,0.027664492,0.23593205,-0.2245578796023273,0.3828197058109229
1.71,-790536896.0,0.223297031914191,0.0620807185769081,-0.0359780453145504,-0.0965245813131332,-0.3958345651626587,-2942642159616.0,0.01,0.01,0.01,0.01,0.01,0.01,0.01,1.0,1.0,1.0,1.0,1.0,1.0,1.0,0.01,0.22329703,0.06208072,0.01,0.01,0.01,0.01,0.2631523,0.1710979,0.058726758,0.01,0.01957246,0.025844837,0.23593205,-0.2224678285031006,0.0489725985534724
1.7200000000000002,-790536896.0,0.2133603429791063,0.0368001163005828,-0.0471501126885414,-0.0840532481670379,-0.3836744427680969,-2942642159616.0,0.01,0.01,0.01,0.01,0.01,0.01,0.01,1.0,1.0,1.0,1.0,1.0,1.0,1.0,0.01,0.21336034,0.036800116,0.01,0.01,0.01,0.01,0.2631523,0.19786808,0.05693805,0.01,0.018606298,0.024219763,0.23593205,-0.2245099579303305,-0.4187158655026545
1.73,-790536896.0,0.1924395139308816,0.0260939858853817,-0.0628407746553421,-0.0619406849145889,-0.3633153736591339,-2942642159616.0,0.01,0.01,0.01,0.01,0.01,0.01,0.01,1.0,1.0,1.0,1.0,1.0,1.0,1.0,0.01,0.19243951,0.026093986,0.01,0.01,0.01,0.01,0.2631523,0.20570177,0.05368368,0.01,0.017739864,0.02276744,0.23593205,-0.2313548277787242,-0.8775326117325635
1.7400000000000002,-790536896.0,0.1530360311353229,0.0049123158678412,-0.0900558233261108,-0.034884437918663,-0.337397813796997,-2942642159616.0,0.01,0.01,0.01,0.01,0.01,0.01,0.01,1.0,1.0,1.0,1.0,1.0,1.0,1.0,0.01,0.15303603,0.01,0.01,0.01,0.01,0.01,0.2631523,0.2006485,0.049079586,0.01,0.016962925,0.021469155,0.23593205,-0.2418316868677464,-1.1512754916658947
1.75,-790536896.0,0.1152617376508352,-0.0284250974655151,-0.1256264746189117,0.0322321951389312,-0.2698081135749817,-2942642159616.0,0.01,0.01,0.01,0.01,0.01,0.01,0.01,1.0,1.0,1.0,1.0,1.0,1.0,1.0,0.01,0.11526174,0.01,0.01,0.032232195,0.01,0.01,0.2631523,0.19009808,0.044840824,0.01,0.027546965,0.020306753,0.23593205,-0.2538888441835727,-1.214684679002612
1.7599999999999998,-790536896.0,0.0945761852662408,-0.0612210631370544,-0.1465520858764648,-0.0333488583564758,-0.1733672888394756,-2942642159616.0,0.01,0.01,0.01,0.01,0.01,0.01,0.01,1.0,1.0,1.0,1.0,1.0,1.0,1.0,0.01,0.09457619,0.01,0.01,0.01,0.01,0.01,0.2631523,0.17711107,0.04109964,0.01,0.026512174,0.019265272,0.23593205,-0.2652617273083519,-1.0433630391726747
1.77,-790536896.0,0.0331052681852966,-0.0831334814429283,-0.1565761417150497,0.0255274139344692,-0.0825627580482492,-2942642159616.0,0.01,0.01,0.01,0.01,0.01,0.01,0.01,1.0,1.0,1.0,1.0,1.0,1.0,1.0,0.01,0.03310527,0.01,0.01,0.025527414,0.01,0.01,0.2631523,0.16069551,0.037782945,0.01,0.026196867,0.018329728,0.23593205,-0.2741105378571133,-0.7610433203554137
1.7799999999999998,-790536896.0,-0.0578718597022173,-0.0878845751285553,-0.1482554227113723,0.0380125120282173,0.0002462164488983,-2942642159616.0,0.01,0.01,0.01,0.01,0.01,0.01,0.01,1.0,1.0,1.0,1.0,1.0,1.0,1.0,0.01,0.01,0.01,0.01,0.038012512,0.01,0.01,0.2631523,0.14069875,0.03483057,0.01,0.03392393,0.017487254,0.23593205,-0.2799846293288295,-0.4757580646197493
1.79,-790536896.0,-0.1448016315698623,-0.0790945291519165,-0.133098155260086,-0.0182795505970716,0.0905966085277408,-2942642159616.0,0.01,0.01,0.01,0.01,0.01,0.01,0.01,1.0,1.0,1.0,1.0,1.0,1.0,1.0,0.01,0.01,0.01,0.01,0.01,0.09059661,0.01,0.2631523,0.123509414,0.0322261,0.01,0.03242825,0.053483628,0.23593205,-0.2829470087980945,-0.1435661691011003
1.8000000000000005,-790536896.0,-0.1403006762266159,-0.0629446730017662,-0.1166282147169113,-0.0071330331265926,-0.0032859772222183,-2942642159616.0,0.01,0.01,0.01,0.01,0.01,0.01,0.01,1.0,1.0,1.0,1.0,1.0,1.0,1.0,0.01,0.01,0.01,0.01,0.01,0.01,0.01,0.2631523,0.10907399,0.029911244,0.01,0.03009117,0.05198369,0.23593205,-0.2821744565252292,0.260764660091818
1.81,-790536896.0,-0.1297636032104492,-0.0388167612254619,-0.0956808999180793,-0.0100378431379795,0.0284191721233939,-2942642159616.0,0.01,0.01,0.01,0.01,0.01,0.01,0.01,1.0,1.0,1.0,1.0,1.0,1.0,1.0,0.01,0.01,0.01,0.01,0.01,0.028419172,0.01,0.2631523,0.09681891,0.027848294,0.01,0.028008642,0.049890764,0.23593205,-0.2774862332303019,0.6164519674501677
1.82,-790536896.0,-0.1100700050592422,-0.0143458181992173,-0.0768420025706291,-0.0255169328302145,-0.0162183859104865,-2942642159616.0,0.01,0.01,0.01,0.01,0.01,0.01,0.01,1.0,1.0,1.0,1.0,1.0,1.0,1.0,0.01,0.01,0.01,0.01,0.01,0.01,0.01,0.2631523,0.086353004,0.026009653,0.01,0.026152734,0.045994528,0.23593205,-0.2699879272376294,0.8365369235814658
1.83,-790536896.0,-0.0896560698747634,0.0341551266610622,-0.0492805168032646,-0.043214488774538,-0.0742784966858408,-2942642159616.0,0.01,0.01,0.01,0.01,0.01,0.01,0.01,1.0,1.0,1.0,1.0,1.0,1.0,1.0,0.01,0.01,0.034155127,0.01,0.01,0.01,0.01,0.2631523,0.0773338,0.031610116,0.01,0.024493689,0.042112794,0.23593205,-0.2609496224810401,0.9404790975497654
1.84,-790536896.0,-0.080999918282032,0.0214764438569545,-0.0206947810947895,-0.068697765469551,-0.1195663293012669,-2942642159616.0,0.01,0.01,0.01,0.01,0.01,0.01,0.01,1.0,1.0,1.0,1.0,1.0,1.0,1.0,0.01,0.01,0.021476444,0.01,0.01,0.01,0.01,0.2631523,0.06953221,0.031135479,0.01,0.023011105,0.038681306,0.23593205,-0.2514193791872448,0.9533567655148902
1.85,-790536896.0,-0.0018866014016038,0.076597087085247,-0.0105087384581565,-0.0906376093626022,-0.154805196554926,-2942642159616.0,0.01,0.01,0.01,0.01,0.01,0.01,0.01,1.0,1.0,1.0,1.0,1.0,1.0,1.0,0.01,0.01,0.07659709,0.01,0.01,0.01,0.01,0.2631523,0.06276164,0.06247457,0.01,0.021686647,0.03564549,0.23593205,-0.2420392303761469,0.9114617979330584
1.86,-790536896.0,0.0892092877841682,-0.0082523077726364,-0.0237313024699687,-0.1062741428613662,-0.2363726240223011,-2942642159616.0,0.01,0.01,0.01,0.01,0.01,0.01,0.01,1.0,1.0,1.0,1.0,1.0,1.0,1.0,0.01,0.08920929,0.01,0.01,0.01,0.01,0.01,0.2631523,0.07135675,0.059017092,0.01,0.02050122,0.032951523,0.23593205,-0.2336905537376243,0.7515601377460328
1.87,-790536896.0,0.1377193124763638,0.0334355607628822,-0.0278909988701343,-0.1128669679164886,-0.3437572643991884,-2942642159616.0,0.01,0.01,0.01,0.01,0.01,0.01,0.01,1.0,1.0,1.0,1.0,1.0,1.0,1.0,0.01,0.13771932,0.03343556,0.01,0.01,0.01,0.01,0.2631523,0.10101072,0.05591457,0.01,0.019439908,0.03055803,0.23593205,-0.2277192689125686,0.4546252464479231
1.88,-790536896.0,0.2193767856560389,0.0638414323329925,-0.035010676831007,-0.1073870509862899,-0.4029850363731384,-2942642159616.0,0.01,0.01,0.01,0.01,0.01,0.01,0.01,1.0,1.0,1.0,1.0,1.0,1.0,1.0,0.01,0.21937679,0.06384143,0.01,0.01,0.01,0.01,0.2631523,0.15868294,0.06084736,0.01,0.018487724,0.028425092,0.23593205,-0.2251709026563117,0.0825965767427412
1.89,-790536896.0,0.2165568058825445,0.0432172864675521,-0.0460567139089107,-0.0910821408033371,-0.3884745240211487,-2942642159616.0,0.01,0.01,0.01,0.01,0.01,0.01,0.01,1.0,1.0,1.0,1.0,1.0,1.0,1.0,0.01,0.2165568,0.043217286,0.01,0.01,0.01,0.01,0.2631523,0.19102457,0.059492327,0.01,0.017633053,0.026522143,0.23593205,-0.2268985907975893,-0.3824600404355328
1.9,-790536896.0,0.2034278755442021,0.0303284786641597,-0.0622863620519638,-0.0661702454090118,-0.3657242953777313,-2942642159616.0,0.01,0.01,0.01,0.01,0.01,0.01,0.01,1.0,1.0,1.0,1.0,1.0,1.0,1.0,0.01,0.20342788,0.030328479,0.01,0.01,0.01,0.01,0.2631523,0.20460804,0.056466896,0.01,0.016865918,0.024823368,0.23593205,-0.233389779197714,-0.8404284194876487
1.91,-790536896.0,0.165387252895352,0.0087003894150257,-0.087920144200325,-0.0396699607372283,-0.3412643671035766,-2942642159616.0,0.01,0.01,0.01,0.01,0.01,0.01,0.01,1.0,1.0,1.0,1.0,1.0,1.0,1.0,0.01,0.16538726,0.01,0.01,0.01,0.01,0.01,0.2631523,0.20161095,0.05156882,0.01,0.01617842,0.023308469,0.23593205,-0.2435630293975009,-1.1286600540660046
1.92,-790536896.0,0.1237299579540627,-0.023771246895194,-0.1203306540846824,0.0228622108697891,-0.2795179188251495,-2942642159616.0,0.01,0.01,0.01,0.01,0.01,0.01,0.01,1.0,1.0,1.0,1.0,1.0,1.0,1.0,0.01,0.12372996,0.01,0.01,0.02286221,0.01,0.01,0.2631523,0.19253303,0.047034778,0.01,0.020831775,0.02195361,0.23593205,-0.2555054209396151,-1.217063049186591
1.93,-790536896.0,0.0953181886361056,-0.0570907182991504,-0.1467784345149994,-0.0052476227283477,-0.2145431365301735,-2942642159616.0,0.01,0.01,0.01,0.01,0.01,0.01,0.01,1.0,1.0,1.0,1.0,1.0,1.0,1.0,0.01,0.09531819,0.01,0.01,0.01,0.01,0.01,0.2631523,0.17974873,0.0430349,0.01,0.02009683,0.020739984,0.23593205,-0.2672711264779849,-1.1246545786815088
1.94,-790536896.0,0.0588674047223269,-0.0820748209953308,-0.159686803817749,0.063935786485672,-0.1129087054617242,-2942642159616.0,0.01,0.01,0.01,0.01,0.01,0.01,0.01,1.0,1.0,1.0,1.0,1.0,1.0,1.0,0.01,0.058867406,0.01,0.01,0.06393579,0.01,0.01,0.2631523,0.16495235,0.039503846,0.01,0.050748732,0.019653764,0.23593205,-0.2774667047326211,-0.9033893424447842
1.95,-790536896.0,-0.024356328468233,-0.0937093272805213,-0.1572050899267196,-0.0660881996154785,-0.0261847537969724,-2942642159616.0,0.01,0.01,0.01,0.01,0.01,0.01,0.01,1.0,1.0,1.0,1.0,1.0,1.0,1.0,0.01,0.01,0.01,0.01,0.01,0.01,0.01,0.2631523,0.14522535,0.036376648,0.01,0.048257504,0.018680036,0.23593205,-0.2842933655101324,-0.4766920740210307
1.96,-790536896.0,-0.1220393980863106,-0.0872025787830352,-0.1408935040235519,-0.02252690307796,0.0558916225322814,-2942642159616.0,0.01,0.01,0.01,0.01,0.01,0.01,0.01,1.0,1.0,1.0,1.0,1.0,1.0,1.0,0.01,0.01,0.01,0.01,0.01,0.05589162,0.01,0.2631523,0.12730588,0.03360106,0.01,0.044114925,0.034365635,0.23593205,-0.2862992955923639,0.020894206694679
1.97,-790536896.0,-0.140447661280632,-0.0635426044464111,-0.1153774634003639,-0.01079604588449,0.0452686589161925,-2942642159616.0,0.01,0.01,0.01,0.01,0.01,0.01,0.01,1.0,1.0,1.0,1.0,1.0,1.0,1.0,0.01,0.01,0.01,0.01,0.01,0.04526866,0.01,0.2631523,0.112270854,0.03113385,0.01,0.040456235,0.039566495,0.23593205,-0.283525715555062,0.4653996559990055
1.98,-790536896.0,-0.1233131885528564,-0.0312785692512989,-0.0881427079439163,-0.0149589078500866,0.0497430146434772,-2942642159616.0,0.01,0.01,0.01,0.01,0.01,0.01,0.01,1.0,1.0,1.0,1.0,1.0,1.0,1.0,0.01,0.01,0.01,0.01,0.01,0.049743015,0.01,0.2631523,0.09956247,0.02894048,0.01,0.037222344,0.046960257,0.23593205,-0.2771412371748701,0.7559698035175009
1.99,-790536896.0,-0.0978712439537048,-0.0008377563208341,-0.0672886371612548,-0.0286101046949625,-0.01979771982198,-2942642159616.0,0.01,0.01,0.01,0.01,0.01,0.01,0.01,1.0,1.0,1.0,1.0,1.0,1.0,1.0,0.01,0.01,0.01,0.01,0.01,0.01,0.01,0.2631523,0.088701986,0.026983615,0.01,0.034351617,0.04363917,0.23593205,-0.2687031882770342,0.8979932762516379
2.0,-790536896.0,-0.078268326818943,0.0621580071747303,-0.035125121474266,-0.0484333112835884,-0.0739751106686253,-2942642159616.0,0.01,0.01,0.01,0.01,0.01,0.01,0.01,1.0,1.0,1.0,1.0,1.0,1.0,1.0,0.01,0.01,0.062158007,0.01,0.01,0.01,0.01,0.2631523,0.07937428,0.051233392,0.01,0.031802066,0.040036857,0.23593205,-0.2593651170419445,0.9460930464871424
2.01,-790536896.0,-0.0753468051552772,-0.0146235786378383,-0.0152808055281639,-0.0699274316430091,-0.1227074598091858,-2942642159616.0,0.01,0.01,0.01,0.01,0.01,0.01,0.01,1.0,1.0,1.0,1.0,1.0,1.0,1.0,0.01,0.01,0.01,0.01,0.01,0.01,0.01,0.2631523,0.071303375,0.04881126,0.01,0.029531179,0.036844283,0.23593205,-0.2502617949301887,0.8650475722507336
2.02,-790536896.0,-0.0428078945075177,0.0271659884601831,-0.0136310122907161,-0.0860599428415298,-0.1479780578197648,-2942642159616.0,0.01,0.01,0.01,0.01,0.01,0.01,0.01,1.0,1.0,1.0,1.0,1.0,1.0,1.0,0.01,0.01,0.027165988,0.01,0.01,0.01,0.01,0.2631523,0.06428592,0.046216853,0.01,0.027505683,0.034009356,0.23593205,-0.2424614531659809,0.7157860652392555
2.03,-790536896.0,0.0422777589345872,0.0735956206917762,-0.0286346189677715,-0.093515545129776,-0.2006188447754007,-2942642159616.0,0.01,0.01,0.01,0.01,0.01,0.01,0.01,1.0,1.0,1.0,1.0,1.0,1.0,1.0,0.01,0.042277757,0.07359562,0.01,0.01,0.01,0.01,0.2631523,0.059112485,0.06490257,0.01,0.025697473,0.031488605,0.23593205,-0.2360362396882233,0.5913021959788392
2.04,-790536896.0,0.1244570428545665,0.0255800709128379,-0.0278357230126857,-0.0945369303226471,-0.2909888362355349,-2942642159616.0,0.01,0.01,0.01,0.01,0.01,0.01,0.01,1.0,1.0,1.0,1.0,1.0,1.0,1.0,0.01,0.12445705,0.02558007,0.01,0.01,0.01,0.01,0.2631523,0.08815465,0.06243359,0.01,0.02408835,0.029253604,0.23593205,-0.2309572563477137,0.4298216055048463
2.0500000000000003,-790536896.0,0.1692862508275678,0.0491563752293586,-0.0394202321767807,-0.0915248245000839,-0.3954617381095886,-2942642159616.0,0.01,0.01,0.01,0.01,0.01,0.01,0.01,1.0,1.0,1.0,1.0,1.0,1.0,1.0,0.01,0.16928625,0.049156375,0.01,0.01,0.01,0.01,0.2631523,0.12611529,0.0605961,0.01,0.022650233,0.027262451,0.23593205,-0.2279449289548922,0.1864602996308108
2.06,-790536896.0,0.2209502174587048,0.0559028796851635,-0.0474809929728508,-0.0828587785363197,-0.3854591250419616,-2942642159616.0,0.01,0.01,0.01,0.01,0.01,0.01,0.01,1.0,1.0,1.0,1.0,1.0,1.0,1.0,0.01,0.22095022,0.05590288,0.01,0.01,0.01,0.01,0.2631523,0.17405555,0.059962474,0.01,0.021362392,0.025484355,0.23593205,-0.2278366541331213,-0.137424394874643
2.0700000000000003,-790536896.0,0.2018229086795609,0.0424910075962543,-0.058054007589817,-0.0675856098532676,-0.3699204325675964,-2942642159616.0,0.01,0.01,0.01,0.01,0.01,0.01,0.01,1.0,1.0,1.0,1.0,1.0,1.0,1.0,0.01,0.2018229,0.042491008,0.01,0.01,0.01,0.01,0.2631523,0.19472478,0.058219735,0.01,0.020209473,0.02389657,0.23593205,-0.2314109702521941,-0.5322920739466527
2.08,-790536896.0,0.1784507851179234,0.0227402877062559,-0.0728905349969863,-0.0501230396330356,-0.3529821038246155,-2942642159616.0,0.01,0.01,0.01,0.01,0.01,0.01,0.01,1.0,1.0,1.0,1.0,1.0,1.0,1.0,0.01,0.17845078,0.022740288,0.01,0.01,0.01,0.01,0.2631523,0.19863693,0.054561768,0.01,0.019177457,0.02247853,0.23593205,-0.23876762245908,-0.8761520763601705
2.09,-790536896.0,0.1395785800366131,7.990049198269844e-06,-0.0953029170632362,-0.0151640102267265,-0.3193949460983276,-2942642159616.0,0.01,0.01,0.01,0.01,0.01,0.01,0.01,1.0,1.0,1.0,1.0,1.0,1.0,1.0,0.01,0.13957858,0.01,0.01,0.01,0.01,0.01,0.2631523,0.19262844,0.049812492,0.01,0.018252818,0.02121061,0.23593205,-0.2486608976401655,-1.057598561207565
2.1,-790536896.0,0.1070068737897407,-0.0301896221935749,-0.1235442161560058,0.0417264997959136,-0.2589666843414306,-2942642159616.0,0.01,0.01,0.01,0.01,0.01,0.01,0.01,1.0,1.0,1.0,1.0,1.0,1.0,1.0,0.01,0.10700687,0.01,0.01,0.0417265,0.01,0.01,0.2631523,0.18196306,0.045485094,0.01,0.03442044,0.02007478,0.23593205,-0.2595346117604833,-1.0792286793408803
2.11,-790536896.0,0.0857082019563457,-0.0579744763672351,-0.1460952162742614,-0.0436986088752746,-0.166051562483579,-2942642159616.0,0.01,0.01,0.01,0.01,0.01,0.01,0.01,1.0,1.0,1.0,1.0,1.0,1.0,1.0,0.01,0.0857082,0.01,0.01,0.01,0.01,0.01,0.2631523,0.16942225,0.04166742,0.01,0.03306449,0.019057,0.23593205,-0.2693618821043518,-0.8739289722952821
2.12,-790536896.0,0.0196837872357412,-0.0745725035667419,-0.1495373398065567,-0.0082775633782148,-0.0780491605114655,-2942642159616.0,0.01,0.01,0.01,0.01,0.01,0.01,0.01,1.0,1.0,1.0,1.0,1.0,1.0,1.0,0.01,0.019683788,0.01,0.01,0.01,0.01,0.01,0.2631523,0.15245445,0.038288005,0.01,0.030654417,0.018143581,0.23593205,-0.2762497378432137,-0.5385118414157402
2.13,-790536896.0,-0.0712099704100834,-0.0741034895181655,-0.1373185664415359,0.028042197227478,0.0036638024434983,-2942642159616.0,0.01,0.01,0.01,0.01,0.01,0.01,0.01,1.0,1.0,1.0,1.0,1.0,1.0,1.0,0.01,0.01,0.01,0.01,0.028042197,0.01,0.01,0.2631523,0.1334738,0.035292275,0.01,0.03009099,0.017323822,0.23593205,-0.2797701994610007,-0.2194224353849018
2.14,-790536896.0,-0.1395829766988754,-0.0608845278620719,-0.1195796206593513,0.012656345963478,0.0936784145085725,-2942642159616.0,0.01,0.01,0.01,0.01,0.01,0.01,0.01,1.0,1.0,1.0,1.0,1.0,1.0,1.0,0.01,0.01,0.01,0.01,0.012656346,0.093678415,0.01,0.2631523,0.11745183,0.03263615,0.01,0.028493935,0.055486966,0.23593205,-0.2804824312758871,0.0392569307043341
2.15,-790536896.0,-0.1322079002857208,-0.0426192730665206,-0.1025325357913971,0.0021822899580001,-0.0199156661688216,-2942642159616.0,0.01,0.01,0.01,0.01,0.01,0.01,0.01,1.0,1.0,1.0,1.0,1.0,1.0,1.0,0.01,0.01,0.01,0.01,0.01,0.01,0.01,0.2631523,0.1039381,0.03027502,0.01,0.026602654,0.053478524,0.23593205,-0.2786119230068467,0.3077156072130724
2.16,-790536896.0,-0.1203771233558654,-0.0246633142232894,-0.0857993364334106,-0.0119692161679267,0.0074361092148528,-2942642159616.0,0.01,0.01,0.01,0.01,0.01,0.01,0.01,1.0,1.0,1.0,1.0,1.0,1.0,1.0,0.01,0.01,0.01,0.01,0.01,0.01,0.01,0.2631523,0.09241824,0.028169727,0.01,0.024894545,0.04950294,0.23593205,-0.2740754719605729,0.5550932303692679
2.17,-790536896.0,-0.1051015853881836,-0.0013200398534536,-0.072268471121788,-0.0284669399261474,-0.0298448511027354,-2942642159616.0,0.01,0.01,0.01,0.01,0.01,0.01,0.01,1.0,1.0,1.0,1.0,1.0,1.0,1.0,0.01,0.01,0.01,0.01,0.01,0.01,0.01,0.2631523,0.08255517,0.02629378,0.01,0.023369431,0.04520667,0.23593205,-0.267454995410491,0.7336826424772751
2.18,-790536896.0,-0.0932045578956604,0.0429344177246093,-0.0497631542384624,-0.0441167987883091,-0.0810152938557738,-2942642159616.0,0.01,0.01,0.01,0.01,0.01,0.01,0.01,1.0,1.0,1.0,1.0,1.0,1.0,1.0,0.01,0.01,0.042934418,0.01,0.01,0.01,0.01,0.2631523,0.07405289,0.03743054,0.01,0.022005789,0.041416574,0.23593205,-0.2594066256533178,0.8473767297893362
2.19,-790536896.0,-0.0889964029192924,-0.0006546322256326,-0.0271173417568206,-0.0674685537815094,-0.1195707423205981,-2942642159616.0,0.01,0.01,0.01,0.01,0.01,0.01,0.01,1.0,1.0,1.0,1.0,1.0,1.0,1.0,0.01,0.01,0.01,0.01,0.01,0.01,0.01,0.2631523,0.066684924,0.03585269,0.01,0.020785498,0.03806519,0.23593205,-0.2507644443731331,0.8634986252553218
2.2,-790536896.0,0.0013849065858933,0.0496998690068721,-0.0169049203395843,-0.0879347026348114,-0.1551419514358507,-2942642159616.0,0.01,0.01,0.01,0.01,0.01,0.01,0.01,1.0,1.0,1.0,1.0,1.0,1.0,1.0,0.01,0.01,0.04969987,0.01,0.01,0.01,0.01,0.2631523,0.060270716,0.044921458,0.01,0.01969267,0.035095613,0.23593205,-0.2423180530525575,0.8239257521602171
2.21,-790536896.0,0.0919190728193226,0.0285054054111242,-0.0247770361602306,-0.1020492762327194,-0.2400749350256707,-2942642159616.0,0.01,0.01,0.01,0.01,0.01,0.01,0.01,1.0,1.0,1.0,1.0,1.0,1.0,1.0,0.01,0.09191907,0.028505405,0.01,0.01,0.01,0.01,0.2631523,0.071209125,0.04456377,0.01,0.018713264,0.032459296,0.23593205,-0.234523412223552,0.7362282805452516
2.22,-790536896.0,0.1408687634820309,0.0648306757211685,-0.0314101614058017,-0.1092553287744522,-0.3502981034535693,-2942642159616.0,0.01,0.01,0.01,0.01,0.01,0.01,0.01,1.0,1.0,1.0,1.0,1.0,1.0,1.0,0.01,0.14086877,0.064830676,0.01,0.01,0.01,0.01,0.2631523,0.10277885,0.05774226,0.01,0.017836332,0.030118944,0.23593205,-0.2280666409938507,0.5523006179792822
2.23,-790536896.0,0.2222884145310948,0.0322777517139911,-0.0334876365959644,-0.1086579710245132,-0.401111900806427,-2942642159616.0,0.01,0.01,0.01,0.01,0.01,0.01,0.01,1.0,1.0,1.0,1.0,1.0,1.0,1.0,0.01,0.22228841,0.03227775,0.01,0.01,0.01,0.01,0.2631523,0.1614573,0.055898976,0.01,0.017050281,0.02803698,0.23593205,-0.224268576455506,0.205529729904227
2.24,-790536896.0,0.2172104161698917,0.0472839847207069,-0.040719024837017,-0.0975991934537887,-0.3920520842075348,-2942642159616.0,0.01,0.01,0.01,0.01,0.01,0.01,0.01,1.0,1.0,1.0,1.0,1.0,1.0,1.0,0.01,0.21721041,0.047283985,0.01,0.01,0.01,0.01,0.2631523,0.19339688,0.05479448,0.01,0.016344022,0.026178781,0.23593205,-0.2248866272285885,-0.2987122357166853
2.25,-790536896.0,0.2038549824065942,0.0348545238375663,-0.0575041137635707,-0.0741077065467834,-0.3717710077762604,-2942642159616.0,0.01,0.01,0.01,0.01,0.01,0.01,0.01,1.0,1.0,1.0,1.0,1.0,1.0,1.0,0.01,0.20385498,0.034854524,0.01,0.01,0.01,0.01,0.2631523,0.20653073,0.052822847,0.01,0.01570874,0.024517208,0.23593205,-0.2308705361476341,-0.8183499729417827
2.26,-790536896.0,0.1650621436714086,0.0107050165534019,-0.0817202776670456,-0.046883076429367,-0.3474857807159424,-2942642159616.0,0.01,0.01,0.01,0.01,0.01,0.01,0.01,1.0,1.0,1.0,1.0,1.0,1.0,1.0,0.01,0.16506214,0.010705017,0.01,0.01,0.01,0.01,0.2631523,0.2031765,0.048499793,0.01,0.015138944,0.023035057,0.23593205,-0.2411535906233388,-1.1632355819442728
2.27,-790536896.0,0.1229919102685112,-0.022090682759881,-0.1182759851217269,0.014235220849514,-0.2886727452278137,-2942642159616.0,0.01,0.01,0.01,0.01,0.01,0.01,0.01,1.0,1.0,1.0,1.0,1.0,1.0,1.0,0.01,0.12299191,0.01,0.01,0.014235221,0.01,0.01,0.2631523,0.1937137,0.044332813,0.01,0.01500821,0.021707501,0.23593205,-0.2536488808628378,-1.2931306649342624
2.28,-790536896.0,0.094576355872066,-0.0590146370232105,-0.1470695286989212,0.0597816705703735,-0.2046774940501916,-2942642159616.0,0.01,0.01,0.01,0.01,0.01,0.01,0.01,1.0,1.0,1.0,1.0,1.0,1.0,1.0,0.01,0.09457636,0.01,0.01,0.05978167,0.01,0.01,0.2631523,0.1803797,0.040653426,0.01,0.04646079,0.02052102,0.23593205,-0.2664638678700214,-1.2283168396312074
2.29,-790536896.0,0.052947444535747,-0.088918887078762,-0.1651870310306549,-0.0842063426971435,-0.100034054431758,-2942642159616.0,0.01,0.01,0.01,0.01,0.01,0.01,0.01,1.0,1.0,1.0,1.0,1.0,1.0,1.0,0.01,0.052947443,0.01,0.01,0.01,0.01,0.01,0.2631523,0.16480647,0.03739671,0.01,0.044338748,0.019457858,0.23593205,-0.2769831778795817,-0.8656870788917206
2.3000000000000003,-790536896.0,-0.0302956125252957,-0.0997365787625312,-0.1592867374420166,-0.0253128465265035,-0.0229086617492161,-2942642159616.0,0.01,0.01,0.01,0.01,0.01,0.01,0.01,1.0,1.0,1.0,1.0,1.0,1.0,1.0,0.01,0.01,0.01,0.01,0.01,0.01,0.01,0.2631523,0.14461489,0.034504306,0.01,0.04065201,0.018503344,0.23593205,-0.2827954320608956,-0.3497791064611552
2.31,-790536896.0,-0.1245617099874977,-0.0858462154865264,-0.1356833279132843,8.538365364074707e-05,0.0513716127279909,-2942642159616.0,0.01,0.01,0.01,0.01,0.01,0.01,0.01,1.0,1.0,1.0,1.0,1.0,1.0,1.0,0.01,0.01,0.01,0.01,0.01,0.05137161,0.01,0.2631523,0.1267991,0.031937845,0.01,0.03739315,0.03200008,0.23593205,-0.283533118838275,0.1322247560519546
2.3200000000000003,-790536896.0,-0.1356587707996368,-0.05730751901865,-0.1081007719039917,0.0039911810308694,0.0504382868962801,-2942642159616.0,0.01,0.01,0.01,0.01,0.01,0.01,0.01,1.0,1.0,1.0,1.0,1.0,1.0,1.0,0.01,0.01,0.01,0.01,0.01,0.05043829,0.01,0.2631523,0.11185879,0.029655553,0.01,0.034504827,0.04021913,0.23593205,-0.2801579524002126,0.4819537649060311
2.33,-790536896.0,-0.1171040460467338,-0.0272559486329555,-0.0844917371869087,-0.0108422171324491,0.0353964089570953,-2942642159616.0,0.01,0.01,0.01,0.01,0.01,0.01,0.01,1.0,1.0,1.0,1.0,1.0,1.0,1.0,0.01,0.01,0.01,0.01,0.01,0.03539641,0.01,0.2631523,0.0992137,0.027623298,0.01,0.031940587,0.040960934,0.23593205,-0.2741451558976874,0.67926351998126
2.34,-790536896.0,-0.0949408113956451,0.0026733707636594,-0.0651982501149177,-0.0279944017529487,-0.009181168179605,-2942642159616.0,0.01,0.01,0.01,0.01,0.01,0.01,0.01,1.0,1.0,1.0,1.0,1.0,1.0,1.0,0.01,0.01,0.01,0.01,0.01,0.01,0.01,0.2631523,0.08838942,0.0258068,0.01,0.029654521,0.03840978,0.23593205,-0.2667984340637906,0.7669932864099949
2.35,-790536896.0,-0.0821030512452125,0.0533380396664142,-0.0405000187456607,-0.0441638864576816,-0.0665835596688677,-2942642159616.0,0.01,0.01,0.01,0.01,0.01,0.01,0.01,1.0,1.0,1.0,1.0,1.0,1.0,1.0,0.01,0.01,0.05333804,0.01,0.01,0.01,0.01,0.2631523,0.07910092,0.044720598,0.01,0.0276199,0.035404604,0.23593205,-0.2588764957416414,0.8021068514781987
2.36,-790536896.0,-0.0826346054673194,-0.0125943524762988,-0.0256882235407829,-0.0636985450983047,-0.1143182894694954,-2942642159616.0,0.01,0.01,0.01,0.01,0.01,0.01,0.01,1.0,1.0,1.0,1.0,1.0,1.0,1.0,0.01,0.01,0.01,0.01,0.01,0.01,0.01,0.2631523,0.071062446,0.042973608,0.01,0.02580299,0.032733645,0.23593205,-0.2510631906385743,0.7534969326723485
2.37,-790536896.0,-0.0525442092694739,0.0205449815839529,-0.0224668271839618,-0.0787794291973114,-0.1386291782202445,-2942642159616.0,0.01,0.01,0.01,0.01,0.01,0.01,0.01,1.0,1.0,1.0,1.0,1.0,1.0,1.0,0.01,0.01,0.020544982,0.01,0.01,0.01,0.01,0.2631523,0.06405707,0.040391892,0.01,0.024175793,0.030351514,0.23593205,-0.2440738011051162,0.6612758289037197
2.38,-790536896.0,0.0338134959982176,0.0633619502186775,-0.0329129844903945,-0.0872616022825241,-0.1901798567513481,-2942642159616.0,0.01,0.01,0.01,0.01,0.01,0.01,0.01,1.0,1.0,1.0,1.0,1.0,1.0,1.0,0.01,0.033813495,0.06336195,0.01,0.01,0.01,0.01,0.2631523,0.059050303,0.055705283,0.01,0.022728099,0.02824054,0.23593205,-0.2378486313872873,0.5929456342830499
2.39,-790536896.0,0.118298305739709,0.0192233882844448,-0.0287393815815448,-0.0912615209817886,-0.2824822022661821,-2942642159616.0,0.01,0.01,0.01,0.01,0.01,0.01,0.01,1.0,1.0,1.0,1.0,1.0,1.0,1.0,0.01,0.11829831,0.019223388,0.01,0.01,0.01,0.01,0.2631523,0.084237404,0.053840682,0.01,0.021432444,0.026357615,0.23593205,-0.2324509523237138,0.4864765407903542
2.4,-790536896.0,0.1687886701157597,0.0437898337841033,-0.0397460423409938,-0.0918620824813842,-0.3934620099217772,-2942642159616.0,0.01,0.01,0.01,0.01,0.01,0.01,0.01,1.0,1.0,1.0,1.0,1.0,1.0,1.0,0.01,0.16878867,0.043789834,0.01,0.01,0.01,0.01,0.2631523,0.12427992,0.052379135,0.01,0.02027331,0.024678206,0.23593205,-0.228615072995387,0.2867657821730313
2.41,-790536896.0,0.2204311731742029,0.0539132244884967,-0.0459877215325832,-0.0870770886540412,-0.3881226181983948,-2942642159616.0,0.01,0.01,0.01,0.01,0.01,0.01,0.01,1.0,1.0,1.0,1.0,1.0,1.0,1.0,0.01,0.22043118,0.053913224,0.01,0.01,0.01,0.01,0.2631523,0.17321755,0.0533558,0.01,0.019234652,0.0231774,0.23593205,-0.2273835244241969,-0.0264333085978356
