time,SUP,ECRL,ECRB,ECU,FCR,FCU,PQ,SUP_min,ECRL_min,ECRB_min,ECU_min,FCR_min,FCU_min,PQ_min,SUP_max,ECRL_max,ECRB_max,ECU_max,FCR_max,FCU_max,PQ_max,SUP_exc,ECRL_exc,ECRB_exc,ECU_exc,FCR_exc,FCU_exc,PQ_exc,SUP_act,ECRL_act,ECRB_act,ECU_act,FCR_act,FCU_act,PQ_act,wrist_hand_r3_pos,wrist_hand_r3_vel
0.01,-635420992.0,-0.1085898280143737,0.0481560416519641,-0.0332664549350738,-0.0813324004411697,-0.0963995024364376,-2053550374912.0,0.01,0.01,0.01,0.01,0.01,0.01,0.01,1.0,1.0,1.0,1.0,1.0,1.0,1.0,0.01,0.01,0.04815604,0.01,0.01,0.01,0.01,0.40554842,0.053529177,0.04264385,0.010025525,0.021488037,0.017601622,0.48745745,-0.2204300876359537,0.6871036063859562
0.02,-635420992.0,-0.1112132370471954,0.0201308950781822,-0.0249760672450065,-0.0934613198041915,-0.1299916582535585,-2053550374912.0,0.01,0.01,0.01,0.01,0.01,0.01,0.01,1.0,1.0,1.0,1.0,1.0,1.0,1.0,0.01,0.01,0.020130895,0.01,0.01,0.01,0.01,0.40554842,0.048747722,0.04159044,0.01002301,0.02032144,0.016837403,0.48745745,-0.2135409594127756,0.681598666195214
0.03,-635420992.0,-0.1147213280200958,0.0516133494675159,-0.0200638361275196,-0.1036583930253982,-0.1501605492472554,-2053550374912.0,0.01,0.01,0.01,0.01,0.01,0.01,0.01,1.0,1.0,1.0,1.0,1.0,1.0,1.0,0.01,0.01,0.05161335,0.01,0.01,0.01,0.01,0.40554842,0.04453913,0.04802953,0.010020743,0.019276453,0.016151382,0.48745745,-0.2069374879052095,0.6408156065399631
0.04,-635420992.0,-0.0519410847305643,0.0461240410804748,-0.0187640078365802,-0.1102597564458847,-0.1690263226203678,-2053550374912.0,0.01,0.01,0.01,0.01,0.01,0.01,0.01,1.0,1.0,1.0,1.0,1.0,1.0,1.0,0.01,0.01,0.04612404,0.01,0.01,0.01,0.01,0.40554842,0.040800713,0.048827156,0.010018688,0.018334335,0.01553176,0.48745745,-0.2009200209668536,0.5756525190171827
0.05,-635420992.0,0.0062285788251056,0.0645892620086669,-0.0200892388820648,-0.1130496859550476,-0.2171519033548628,-2053550374912.0,0.01,0.01,0.01,0.01,0.01,0.01,0.01,1.0,1.0,1.0,1.0,1.0,1.0,1.0,0.01,0.01,0.06458926,0.01,0.01,0.01,0.01,0.40554842,0.0375163,0.058939617,0.010016845,0.01749437,0.01497831,0.48745745,-0.1955714706700104,0.5040542197117175
0.06,-635420992.0,0.0713141377742713,0.0483961515128612,-0.022071998566389,-0.113221675157547,-0.2840027376085868,-2053550374912.0,0.01,0.01,0.01,0.01,0.01,0.01,0.01,1.0,1.0,1.0,1.0,1.0,1.0,1.0,0.01,0.07131414,0.04839615,0.01,0.01,0.01,0.01,0.40554842,0.050649576,0.059502877,0.010015182,0.016740028,0.0144805135,0.48745745,-0.1910217981054763,0.4156292824795968
0.07,-635420992.0,0.1008080024508367,0.0619639456272125,-0.0251492820680141,-0.1111436933279037,-0.3631985613507753,-2053550374912.0,0.01,0.01,0.01,0.01,0.01,0.01,0.01,1.0,1.0,1.0,1.0,1.0,1.0,1.0,0.01,0.100808,0.061963946,0.01,0.01,0.01,0.01,0.40554842,0.07394382,0.060974117,0.010013688,0.016064802,0.01403429,0.48745745,-0.1875628352903011,0.2811159505110016
0.08,-635420992.0,0.1540196357395011,0.0646923407912254,-0.0299503952264785,-0.106357991695404,-0.4110380113124847,-2053550374912.0,0.01,0.01,0.01,0.01,0.01,0.01,0.01,1.0,1.0,1.0,1.0,1.0,1.0,1.0,0.01,0.15401964,0.06469234,0.01,0.01,0.01,0.01,0.40554842,0.1133592,0.063408256,0.010012341,0.015458486,0.013633105,0.48745745,-0.185820463161582,0.0740402505069289
0.09,-635420992.0,0.1746277637639097,0.0583009868860244,-0.0376290753483772,-0.0971582382917404,-0.4008935689926147,-2053550374912.0,0.01,0.01,0.01,0.01,0.01,0.01,0.01,1.0,1.0,1.0,1.0,1.0,1.0,1.0,0.01,0.17462777,0.058300987,0.01,0.01,0.01,0.01,0.40554842,0.14620477,0.06306993,0.010011125,0.014913157,0.013271873,0.48745745,-0.1867225125505082,-0.2321274845707454
0.1,-635420992.0,0.1877952361687003,0.049334991723299,-0.0485858060419559,-0.0816423296928405,-0.384433388710022,-2053550374912.0,0.01,0.01,0.01,0.01,0.01,0.01,0.01,1.0,1.0,1.0,1.0,1.0,1.0,1.0,0.01,0.18779524,0.04933499,0.01,0.01,0.01,0.01,0.40554842,0.17236844,0.06164481,0.010010029,0.0144227855,0.012946721,0.48745745,-0.1911102829931089,-0.5994247999407555
0.1100000000000001,-635420992.0,0.1783368324746944,0.0332659929990768,-0.065947376191616,-0.0641690790653228,-0.3664729297161102,-2053550374912.0,0.01,0.01,0.01,0.01,0.01,0.01,0.01,1.0,1.0,1.0,1.0,1.0,1.0,1.0,0.01,0.17833683,0.033265993,0.01,0.01,0.01,0.01,0.40554842,0.18221094,0.05874069,0.010009041,0.013981855,0.012654086,0.48745745,-0.1990845710557403,-0.9356250503874236
0.1200000000000001,-635420992.0,0.1601372252660255,0.0053134579211473,-0.0951072946190834,-0.0214054770767688,-0.3229620158672333,-2053550374912.0,0.01,0.01,0.01,0.01,0.01,0.01,0.01,1.0,1.0,1.0,1.0,1.0,1.0,1.0,0.01,0.16013722,0.01,0.01,0.01,0.01,0.01,0.40554842,0.18098304,0.05372398,0.010008151,0.013585343,0.012390716,0.48745745,-0.2098982100247561,-1.1767078786341103
0.1299999999999999,-635420992.0,0.1331066624794495,-0.0238969624042511,-0.1233537122607231,0.0345467627048492,-0.2662740051746368,-2053550374912.0,0.01,0.01,0.01,0.01,0.01,0.01,0.01,1.0,1.0,1.0,1.0,1.0,1.0,1.0,0.01,0.13310666,0.01,0.01,0.034546763,0.01,0.01,0.40554842,0.17593297,0.04892524,0.010007348,0.02803279,0.012153886,0.48745745,-0.2224853755615392,-1.2930184297349194
0.1399999999999999,-635420992.0,0.1054138107458921,-0.0539075061678886,-0.1435571014881134,-0.0638773590326309,-0.2457738220691681,-2053550374912.0,0.01,0.01,0.01,0.01,0.01,0.01,0.01,1.0,1.0,1.0,1.0,1.0,1.0,1.0,0.01,0.10541381,0.01,0.01,0.01,0.01,0.01,0.40554842,0.16732714,0.04470325,0.010006625,0.027213836,0.011940745,0.48745745,-0.234935026230133,-1.1705460761066038
0.1499999999999999,-635420992.0,0.090169141371426,-0.0762871503829956,-0.1381426006555557,-0.014900479465723,-0.2483914494514465,-2053550374912.0,0.01,0.01,0.01,0.01,0.01,0.01,0.01,1.0,1.0,1.0,1.0,1.0,1.0,1.0,0.01,0.09016914,0.01,0.01,0.01,0.01,0.01,0.40554842,0.15733185,0.04097372,0.010005972,0.025441676,0.01174867,0.48745745,-0.2450884022700997,-0.8835956347576667
0.1599999999999999,-635420992.0,0.0837883344261217,-0.0825307369232177,-0.1378558427095413,0.0454911477863788,-0.2125267989493175,-2053550374912.0,0.01,0.01,0.01,0.01,0.01,0.01,0.01,1.0,1.0,1.0,1.0,1.0,1.0,1.0,0.01,0.083788335,0.01,0.01,0.045491148,0.01,0.01,0.40554842,0.1479358,0.037674118,0.010005385,0.0390301,0.0115756625,0.48745745,-0.2522359035236273,-0.5781882896018493
0.1699999999999999,-635420992.0,0.0503617008243892,-0.0749756321310997,-0.1279135644435882,-0.036427691578865,-0.1675799337693823,-2053550374912.0,0.01,0.01,0.01,0.01,0.01,0.01,0.01,1.0,1.0,1.0,1.0,1.0,1.0,1.0,0.01,0.0503617,0.01,0.01,0.01,0.01,0.01,0.40554842,0.13718084,0.034746222,0.010004854,0.037689447,0.0114196865,0.48745745,-0.2560466233961224,-0.2321132375354005
0.1799999999999999,-635420992.0,-0.000968749210263,-0.0575554072856903,-0.1118752360343933,-0.0230776444077491,-0.119370527503863,-2053550374912.0,0.01,0.01,0.01,0.01,0.01,0.01,0.01,1.0,1.0,1.0,1.0,1.0,1.0,1.0,0.01,0.01,0.01,0.01,0.01,0.01,0.01,0.40554842,0.1227295,0.032149527,0.010004376,0.034762833,0.011279336,0.48745745,-0.256552871714077,0.0777188952905883
0.1899999999999999,-635420992.0,-0.0665108256618861,-0.0349648483097553,-0.0934111624956131,-0.0178553238511085,-0.0594222246494605,-2053550374912.0,0.01,0.01,0.01,0.01,0.01,0.01,0.01,1.0,1.0,1.0,1.0,1.0,1.0,1.0,0.01,0.01,0.01,0.01,0.01,0.01,0.01,0.40554842,0.10841094,0.029842662,0.010003945,0.03216709,0.011153028,0.48745745,-0.2545571721964988,0.2786141890397968
0.1999999999999999,-635420992.0,-0.1226674169301986,-0.0145555725321173,-0.0772084593772888,-0.0241597592830657,0.0141354725455002,-2053550374912.0,0.01,0.01,0.01,0.01,0.01,0.01,0.01,1.0,1.0,1.0,1.0,1.0,1.0,1.0,0.01,0.01,0.01,0.01,0.01,0.0141354725,0.01,0.40554842,0.09625996,0.02778789,0.010003557,0.029858295,0.012343311,0.48745745,-0.2512169347759575,0.3636232482358073
0.2099999999999999,-635420992.0,-0.1088969781994819,0.0022811889648437,-0.0681290477514267,-0.0335606224834919,0.0523364858284136,-2053550374912.0,0.01,0.01,0.01,0.01,0.01,0.01,0.01,1.0,1.0,1.0,1.0,1.0,1.0,1.0,0.01,0.01,0.01,0.01,0.01,0.052336484,0.01,0.40554842,0.08585736,0.025953595,0.010003206,0.02779983,0.03281769,0.48745745,-0.2474045545402411,0.3954936527536336
0.2199999999999999,-635420992.0,-0.1024295091629028,0.0233706124126911,-0.0586538687348365,-0.0419517904520034,-0.0682137462519537,-2053550374912.0,0.01,0.01,0.01,0.01,0.01,0.01,0.01,1.0,1.0,1.0,1.0,1.0,1.0,1.0,0.01,0.01,0.023370612,0.01,0.01,0.01,0.01,0.40554842,0.07690883,0.025524775,0.010002891,0.025964417,0.033381272,0.48745745,-0.2429764415469696,0.4935774447241117
0.2299999999999999,-635420992.0,-0.1020686030387878,0.0330277159810066,-0.0536764599382877,-0.0500894300639629,-0.0390008618768301,-2053550374912.0,0.01,0.01,0.01,0.01,0.01,0.01,0.01,1.0,1.0,1.0,1.0,1.0,1.0,1.0,0.01,0.01,0.033027716,0.01,0.01,0.01,0.01,0.40554842,0.06916091,0.03074449,0.010002606,0.0243248,0.030934855,0.48745745,-0.2371476950094371,0.6520720675943988
0.24,-635420992.0,-0.1012538969516754,0.0154064502567052,-0.0372808687388896,-0.0640972554683685,-0.0551607609697176,-2053550374912.0,0.01,0.01,0.01,0.01,0.01,0.01,0.01,1.0,1.0,1.0,1.0,1.0,1.0,1.0,0.01,0.01,0.01540645,0.01,0.01,0.01,0.01,0.40554842,0.062413555,0.029947076,0.010002349,0.022857357,0.028754108,0.48745745,-0.2298329680855118,0.7796835220880238
0.25,-635420992.0,-0.0997695699334144,0.0545855313539505,-0.0303914137184619,-0.0823568999767303,-0.0917142167926727,-2053550374912.0,0.01,0.01,0.01,0.01,0.01,0.01,0.01,1.0,1.0,1.0,1.0,1.0,1.0,1.0,0.01,0.01,0.05458553,0.01,0.01,0.01,0.01,0.40554842,0.056544576,0.04666797,0.010002118,0.02154855,0.026816338,0.48745745,-0.2215627043812001,0.8527317485216261
0.26,-635420992.0,-0.1001479774713516,0.0134005732834339,-0.0168405175209045,-0.1003799736499786,-0.1279160379157461,-2053550374912.0,0.01,0.01,0.01,0.01,0.01,0.01,0.01,1.0,1.0,1.0,1.0,1.0,1.0,1.0,0.01,0.01,0.013400573,0.01,0.01,0.01,0.01,0.40554842,0.051398512,0.04483993,0.010001909,0.020376137,0.025086079,0.48745745,-0.2131007023546851,0.8263074648458849
0.27,-635420992.0,-0.1037453338503837,0.0533405244350433,-0.0099300108850002,-0.1145597472786903,-0.1528843054120521,-2053550374912.0,0.01,0.01,0.01,0.01,0.01,0.01,0.01,1.0,1.0,1.0,1.0,1.0,1.0,1.0,0.01,0.01,0.053340524,0.01,0.01,0.01,0.01,0.40554842,0.046876036,0.05025222,0.010001721,0.019325918,0.023540635,0.48745745,-0.2053197769289937,0.7354790846813393
0.28,-635420992.0,-0.0639568473822817,0.058738850057125,-0.0106926709413528,-0.121702954173088,-0.1664599249613197,-2053550374912.0,0.01,0.01,0.01,0.01,0.01,0.01,0.01,1.0,1.0,1.0,1.0,1.0,1.0,1.0,0.01,0.01,0.05873885,0.01,0.01,0.01,0.01,0.40554842,0.04286271,0.055994593,0.01000155,0.018378792,0.022150321,0.48745745,-0.1986815127123527,0.618656747199681
0.29,-635420992.0,-0.0068484654188281,0.0608859546482563,-0.0153496526181697,-0.1220825538039207,-0.2034970692047364,-2053550374912.0,0.01,0.01,0.01,0.01,0.01,0.01,0.01,1.0,1.0,1.0,1.0,1.0,1.0,1.0,0.01,0.01,0.060885955,0.01,0.01,0.01,0.01,0.40554842,0.039320227,0.05937832,0.010001397,0.01752984,0.02090706,0.48745745,-0.1932781763315599,0.4936343879507831
0.3,-635420992.0,0.0541368595983775,0.0668268427252769,-0.0207540988922119,-0.1182188242673873,-0.261620476707688,-2053550374912.0,0.01,0.01,0.01,0.01,0.01,0.01,0.01,1.0,1.0,1.0,1.0,1.0,1.0,1.0,0.01,0.05413686,0.06682684,0.01,0.01,0.01,0.01,0.40554842,0.04347773,0.064085655,0.010001259,0.016770873,0.019797979,0.48745745,-0.1890266420788511,0.3817960155161051
0.31,-635420992.0,0.094472251742261,0.0643448680639267,-0.0257901716977357,-0.112658753991127,-0.3342509889988669,-2053550374912.0,0.01,0.01,0.01,0.01,0.01,0.01,0.01,1.0,1.0,1.0,1.0,1.0,1.0,1.0,0.01,0.09447225,0.06434487,0.01,0.01,0.01,0.01,0.40554842,0.06702606,0.06455076,0.010001135,0.016092662,0.018808836,0.48745745,-0.1858483138304938,0.261945640547838
0.32,-635420992.0,0.1366158210003454,0.0691683813929557,-0.0308286920189857,-0.106323704123497,-0.4070539474487304,-2053550374912.0,0.01,0.01,0.01,0.01,0.01,0.01,0.01,1.0,1.0,1.0,1.0,1.0,1.0,1.0,0.01,0.13661583,0.06916838,0.01,0.01,0.01,0.01,0.40554842,0.1010509,0.067421965,0.010001023,0.0154832415,0.017921494,0.48745745,-0.1841020152819669,0.0941406128662891
0.33,-635420992.0,0.1726479553815496,0.0619901940226554,-0.0374902263283729,-0.0975831151008606,-0.3982627987861633,-2053550374912.0,0.01,0.01,0.01,0.01,0.01,0.01,0.01,1.0,1.0,1.0,1.0,1.0,1.0,1.0,0.01,0.17264795,0.061990194,0.01,0.01,0.01,0.01,0.40554842,0.13777457,0.06713712,0.010000923,0.0149353305,0.017124897,0.48745745,-0.1845130336171518,-0.1596634180642546
0.3400000000000001,-635420992.0,0.1841968299937437,0.0548550486564636,-0.0467516556382179,-0.0843129232525825,-0.3851438760757446,-2053550374912.0,0.01,0.01,0.01,0.01,0.01,0.01,0.01,1.0,1.0,1.0,1.0,1.0,1.0,1.0,0.01,0.18419683,0.05485505,0.01,0.01,0.01,0.01,0.40554842,0.16550636,0.06584924,0.010000831,0.014442877,0.016409889,0.48745745,-0.1879271971148767,-0.4894757677844976
0.3500000000000001,-635420992.0,0.1825318468667972,0.040771760046482,-0.0601363852620124,-0.0696202889084816,-0.3709689974784851,-2053550374912.0,0.01,0.01,0.01,0.01,0.01,0.01,0.01,1.0,1.0,1.0,1.0,1.0,1.0,1.0,0.01,0.18253185,0.04077176,0.01,0.01,0.01,0.01,0.40554842,0.17985557,0.06331413,0.0100007495,0.013999444,0.015766824,0.48745745,-0.1947672217810344,-0.8170207268661803
0.3600000000000001,-635420992.0,0.1669169707724407,0.0166318602859973,-0.0865312591195106,-0.0367989577353,-0.3376912176609039,-2053550374912.0,0.01,0.01,0.01,0.01,0.01,0.01,0.01,1.0,1.0,1.0,1.0,1.0,1.0,1.0,0.01,0.16691697,0.01663186,0.01,0.01,0.01,0.01,0.40554842,0.18237706,0.058497828,0.010000676,0.013601103,0.015189783,0.48745745,-0.2044438357580964,-1.067286834328813
0.3700000000000001,-635420992.0,0.1418061490588912,-0.0110471975058317,-0.1134663522243499,0.0175436809659004,-0.2804194688796997,-2053550374912.0,0.01,0.01,0.01,0.01,0.01,0.01,0.01,1.0,1.0,1.0,1.0,1.0,1.0,1.0,0.01,0.14180616,0.01,0.01,0.017543681,0.01,0.01,0.40554842,0.17849334,0.053228073,0.010000609,0.016285751,0.014671437,0.48745745,-0.21610063890146,-1.2224785889395458
0.3799999999999999,-635420992.0,0.1149139833992616,-0.0391580983996391,-0.134996011853218,-0.0088549256324768,-0.2512731850147247,-2053550374912.0,0.01,0.01,0.01,0.01,0.01,0.01,0.01,1.0,1.0,1.0,1.0,1.0,1.0,1.0,0.01,0.114913985,0.01,0.01,0.01,0.01,0.01,0.40554842,0.17102972,0.048486315,0.010000549,0.015947789,0.01420565,0.48745745,-0.228534447447209,-1.2423066964028495
0.3899999999999999,-635420992.0,0.0954202340245033,-0.0644809156656265,-0.1465992182493209,0.0561432503163814,-0.2429855465888977,-2053550374912.0,0.01,0.01,0.01,0.01,0.01,0.01,0.01,1.0,1.0,1.0,1.0,1.0,1.0,1.0,0.01,0.095420234,0.01,0.01,0.05614325,0.01,0.01,0.40554842,0.16127074,0.04431995,0.010000495,0.044127647,0.013787537,0.48745745,-0.2405042195163084,-1.1243480838204407
0.3999999999999999,-635420992.0,0.0843875763911542,-0.0819684639573097,-0.1444631814956665,-0.0854092538356781,-0.2005937970991637,-2053550374912.0,0.01,0.01,0.01,0.01,0.01,0.01,0.01,1.0,1.0,1.0,1.0,1.0,1.0,1.0,0.01,0.08438758,0.01,0.01,0.01,0.01,0.01,0.40554842,0.15126306,0.040640403,0.010000447,0.042197123,0.013411333,0.48745745,-0.2499352179960791,-0.7627640039631289
0.4099999999999999,-635420992.0,0.050434431131861,-0.083572581410408,-0.1374816000461578,-0.0358031578361988,-0.1555580223300874,-2053550374912.0,0.01,0.01,0.01,0.01,0.01,0.01,0.01,1.0,1.0,1.0,1.0,1.0,1.0,1.0,0.01,0.050434433,0.01,0.01,0.01,0.01,0.01,0.40554842,0.13982831,0.037378162,0.010000402,0.03875621,0.013072275,0.48745745,-0.2549122041978205,-0.2909336371105772
0.4199999999999999,-635420992.0,0.0019755946183645,-0.0662199556827545,-0.1189834624528884,-0.0129474010318517,-0.1161411697302055,-2053550374912.0,0.01,0.01,0.01,0.01,0.01,0.01,0.01,1.0,1.0,1.0,1.0,1.0,1.0,1.0,0.01,0.01,0.01,0.01,0.01,0.01,0.01,0.40554842,0.12498029,0.03449058,0.010000363,0.035713088,0.012767587,0.48745745,-0.2554469832029132,0.1190816494002844
0.4299999999999999,-635420992.0,-0.0581033587169202,-0.0390461646020412,-0.0955519527196884,-0.0101303476840257,-0.0632069188712377,-2053550374912.0,0.01,0.01,0.01,0.01,0.01,0.01,0.01,1.0,1.0,1.0,1.0,1.0,1.0,1.0,0.01,0.01,0.01,0.01,0.01,0.01,0.01,0.40554842,0.11033546,0.031928018,0.010000328,0.033014525,0.012493553,0.48745745,-0.252762981477256,0.3647407739665102
0.4399999999999999,-635420992.0,-0.1218532472848892,-0.0131526198238134,-0.0759009644389152,-0.0222053471952676,0.0051380273589253,-2053550374912.0,0.01,0.01,0.01,0.01,0.01,0.01,0.01,1.0,1.0,1.0,1.0,1.0,1.0,1.0,0.01,0.01,0.01,0.01,0.01,0.01,0.01,0.40554842,0.097919874,0.029648313,0.010000295,0.030615428,0.012246855,0.48745745,-0.2485819076175273,0.4407258927599825
0.4499999999999999,-635420992.0,-0.1048921197652816,0.0073870755732059,-0.0641975849866867,-0.0349994748830795,0.0601699034969612,-2053550374912.0,0.01,0.01,0.01,0.01,0.01,0.01,0.01,1.0,1.0,1.0,1.0,1.0,1.0,1.0,0.01,0.01,0.01,0.01,0.01,0.0601699,0.01,0.40554842,0.087298825,0.027615355,0.010000266,0.028477255,0.03749621,0.48745745,-0.24421223666678,0.4335948951580101
0.4599999999999999,-635420992.0,-0.0973870605230331,0.0321954973042011,-0.0567213743925094,-0.0444759726524353,-0.080034276862749,-2053550374912.0,0.01,0.01,0.01,0.01,0.01,0.01,0.01,1.0,1.0,1.0,1.0,1.0,1.0,1.0,0.01,0.01,0.032195497,0.01,0.01,0.01,0.01,0.40554842,0.0781565,0.030705806,0.01000024,0.026569445,0.03775426,0.48745745,-0.2395831471011333,0.5017870828197082
0.47,-635420992.0,-0.0981527268886566,0.0196205712854862,-0.0448497720062732,-0.0524884276092052,-0.0435802170795613,-2053550374912.0,0.01,0.01,0.01,0.01,0.01,0.01,0.01,1.0,1.0,1.0,1.0,1.0,1.0,1.0,0.01,0.01,0.019620571,0.01,0.01,0.01,0.01,0.40554842,0.07023571,0.029952005,0.010000216,0.024863904,0.034816712,0.48745745,-0.2338674034734335,0.6260188722567539
0.48,-635420992.0,-0.0991968363523483,0.044952031224966,-0.0442384555935859,-0.0662526041269302,-0.0549583598247244,-2053550374912.0,0.01,0.01,0.01,0.01,0.01,0.01,0.01,1.0,1.0,1.0,1.0,1.0,1.0,1.0,0.01,0.01,0.04495203,0.01,0.01,0.01,0.01,0.40554842,0.063359395,0.039859388,0.010000195,0.023340985,0.032209806,0.48745745,-0.2268852399488082,0.7476286793369229
0.49,-635420992.0,-0.0993748307228088,0.0171396099030971,-0.0316871590912342,-0.0826237872242927,-0.088783101228167,-2053550374912.0,0.01,0.01,0.01,0.01,0.01,0.01,0.01,1.0,1.0,1.0,1.0,1.0,1.0,1.0,0.01,0.01,0.01713961,0.01,0.01,0.01,0.01,0.40554842,0.05736566,0.038667984,0.010000176,0.021980138,0.02989309,0.48745745,-0.2190248956802563,0.8036915670627701
0.5,-635420992.0,-0.1005806103348732,0.0572032742202281,-0.017836432904005,-0.0989745557308197,-0.1235297652377874,-2053550374912.0,0.01,0.01,0.01,0.01,0.01,0.01,0.01,1.0,1.0,1.0,1.0,1.0,1.0,1.0,0.01,0.01,0.057203274,0.01,0.01,0.01,0.01,0.40554842,0.05212012,0.050894544,0.010000158,0.020762809,0.027830794,0.48745745,-0.2109655973257828,0.7982585571233783
0.51,-635420992.0,-0.104192741215229,0.0364476591348648,-0.0114950649440288,-0.1121362522244453,-0.1482329539919382,-2053550374912.0,0.01,0.01,0.01,0.01,0.01,0.01,0.01,1.0,1.0,1.0,1.0,1.0,1.0,1.0,0.01,0.01,0.03644766,0.01,0.01,0.01,0.01,0.40554842,0.047507815,0.0506944,0.010000143,0.019671718,0.025990315,0.48745745,-0.2033764072686567,0.719384818140214
0.52,-635420992.0,-0.0599815956978135,0.0690501257777214,-0.0112952068448066,-0.1197316199541091,-0.1640824419647601,-2053550374912.0,0.01,0.01,0.01,0.01,0.01,0.01,0.01,1.0,1.0,1.0,1.0,1.0,1.0,1.0,0.01,0.01,0.069050126,0.01,0.01,0.01,0.01,0.40554842,0.043448005,0.06252524,0.010000128,0.0186946,0.024348527,0.48745745,-0.1968148249511395,0.6038283830660648
0.53,-635420992.0,-0.0005617857229035,0.0533770397305488,-0.0149351693689823,-0.1210951060056686,-0.2045559780842384,-2053550374912.0,0.01,0.01,0.01,0.01,0.01,0.01,0.01,1.0,1.0,1.0,1.0,1.0,1.0,1.0,0.01,0.01,0.05337704,0.01,0.01,0.01,0.01,0.40554842,0.039838936,0.06337298,0.010000116,0.01781328,0.022872586,0.48745745,-0.1916379364487166,0.4629816810537036
0.54,-635420992.0,0.061489471530558,0.0695982500910759,-0.0213912762701511,-0.1169201433658599,-0.2643697958767453,-2053550374912.0,0.01,0.01,0.01,0.01,0.01,0.01,0.01,1.0,1.0,1.0,1.0,1.0,1.0,1.0,0.01,0.06148947,0.06959825,0.01,0.01,0.01,0.01,0.40554842,0.047313172,0.06700535,0.010000104,0.017025674,0.021557868,0.48745745,-0.1878080772155473,0.3318903831865786
0.55,-635420992.0,0.0969052191274463,0.0681428909301757,-0.0274970736354589,-0.1103080809116363,-0.3371630232835025,-2053550374912.0,0.01,0.01,0.01,0.01,0.01,0.01,0.01,1.0,1.0,1.0,1.0,1.0,1.0,1.0,0.01,0.09690522,0.06814289,0.01,0.01,0.01,0.01,0.40554842,0.07035087,0.06797398,0.010000094,0.016319359,0.020382162,0.48745745,-0.1852319074220543,0.201499068703745
0.56,-635420992.0,0.1421401958599648,0.0690599009394645,-0.0336322635412216,-0.1024781167507171,-0.4023924171924591,-2053550374912.0,0.01,0.01,0.01,0.01,0.01,0.01,0.01,1.0,1.0,1.0,1.0,1.0,1.0,1.0,0.01,0.1421402,0.0690599,0.01,0.01,0.01,0.01,0.40554842,0.105442,0.06865477,0.0100000845,0.015686676,0.01933172,0.48745745,-0.1841179715987548,0.0310953653600441
0.5700000000000001,-635420992.0,0.1731810029116679,0.0640750974416732,-0.0406045876443386,-0.0929032862186431,-0.3928845226764679,-2053550374912.0,0.01,0.01,0.01,0.01,0.01,0.01,0.01,1.0,1.0,1.0,1.0,1.0,1.0,1.0,0.01,0.173181,0.0640751,0.01,0.01,0.01,0.01,0.40554842,0.14056051,0.06825622,0.010000076,0.015118169,0.018389931,0.48745745,-0.1851204137161421,-0.214153136970626
0.5800000000000001,-635420992.0,0.1847649064684999,0.0543414279818534,-0.0496373027563095,-0.0796481445431709,-0.380769819021225,-2053550374912.0,0.01,0.01,0.01,0.01,0.01,0.01,0.01,1.0,1.0,1.0,1.0,1.0,1.0,1.0,0.01,0.1847649,0.054341428,0.01,0.01,0.01,0.01,0.40554842,0.16732225,0.06681459,0.010000069,0.014607255,0.017545251,0.48745745,-0.1889676923721097,-0.5224537337783837
0.5900000000000001,-635420992.0,0.1810203455064605,0.0393736995756626,-0.0646593794226646,-0.0651640072464943,-0.3659518361091614,-2053550374912.0,0.01,0.01,0.01,0.01,0.01,0.01,0.01,1.0,1.0,1.0,1.0,1.0,1.0,1.0,0.01,0.18102035,0.0393737,0.01,0.01,0.01,0.01,0.40554842,0.18011588,0.064024635,0.010000062,0.014147145,0.016785912,0.48745745,-0.1959795942110356,-0.8221436213569434
0.6000000000000001,-635420992.0,0.1654039711053463,0.0146474735811352,-0.0898335725069046,-0.0299137979745864,-0.3296800553798675,-2053550374912.0,0.01,0.01,0.01,0.01,0.01,0.01,0.01,1.0,1.0,1.0,1.0,1.0,1.0,1.0,0.01,0.16540398,0.014647474,0.01,0.01,0.01,0.01,0.40554842,0.18184017,0.058927994,0.010000056,0.013733804,0.016104875,0.48745745,-0.2055906486297376,-1.052432347504514
0.6100000000000001,-635420992.0,0.1403828481752744,-0.0117421690374612,-0.1147437691688537,0.0196328908205032,-0.276949793100357,-2053550374912.0,0.01,0.01,0.01,0.01,0.01,0.01,0.01,1.0,1.0,1.0,1.0,1.0,1.0,1.0,0.01,0.14038284,0.01,0.01,0.01963289,0.01,0.01,0.40554842,0.1777885,0.05357314,0.010000051,0.017733889,0.015493599,0.48745745,-0.2170263888488318,-1.1937986347064793
0.6200000000000001,-635420992.0,0.1142403815643332,-0.0386546626687049,-0.1344330906867981,-0.0252122431993484,-0.2518056035041809,-2053550374912.0,0.01,0.01,0.01,0.01,0.01,0.01,0.01,1.0,1.0,1.0,1.0,1.0,1.0,1.0,0.01,0.11424038,0.01,0.01,0.01,0.01,0.01,0.40554842,0.17025751,0.048790112,0.010000045,0.01735079,0.014944696,0.48745745,-0.2290283736947529,-1.185394673153627
0.6299999999999999,-635420992.0,0.096369041094464,-0.0621592067182064,-0.130346193909645,0.0483423210680484,-0.2459908425807953,-2053550374912.0,0.01,0.01,0.01,0.01,0.01,0.01,0.01,1.0,1.0,1.0,1.0,1.0,1.0,1.0,0.01,0.09636904,0.01,0.01,0.04834232,0.01,0.01,0.40554842,0.16073012,0.044586908,0.010000041,0.038869005,0.014452063,0.48745745,-0.2402880731035632,-1.0489008910361464
0.6399999999999999,-635420992.0,0.081482829151554,-0.0771026089787483,-0.1396907567977905,-0.066722422838211,-0.1897163772634157,-2053550374912.0,0.01,0.01,0.01,0.01,0.01,0.01,0.01,1.0,1.0,1.0,1.0,1.0,1.0,1.0,0.01,0.08148283,0.01,0.01,0.01,0.01,0.01,0.40554842,0.15082422,0.040873718,0.010000037,0.037329096,0.01400881,0.48745745,-0.249068767519576,-0.71682183712329
0.6499999999999999,-635420992.0,0.0405493131142009,-0.0775462165474891,-0.133044883608818,-0.0304122604429721,-0.1416296657938282,-2053550374912.0,0.01,0.01,0.01,0.01,0.01,0.01,0.01,1.0,1.0,1.0,1.0,1.0,1.0,1.0,0.01,0.04054931,0.01,0.01,0.01,0.01,0.01,0.40554842,0.1385878,0.037582897,0.010000033,0.03444116,0.013609539,0.48745745,-0.2538709236609205,-0.3011695515371299
0.6599999999999999,-635420992.0,-0.0131426076696267,-0.0618919618427753,-0.1168515160679817,-0.0067218653857707,-0.0958980951896261,-2053550374912.0,0.01,0.01,0.01,0.01,0.01,0.01,0.01,1.0,1.0,1.0,1.0,1.0,1.0,1.0,0.01,0.01,0.01,0.01,0.01,0.01,0.01,0.40554842,0.123023264,0.034670524,0.0100000305,0.031880327,0.013250873,0.48745745,-0.2548172914121476,0.0518510169946101
0.6699999999999999,-635420992.0,-0.0788138003058398,-0.038138136267662,-0.0964104235172271,-0.0064973048865795,-0.0379547368606054,-2053550374912.0,0.01,0.01,0.01,0.01,0.01,0.01,0.01,1.0,1.0,1.0,1.0,1.0,1.0,1.0,0.01,0.01,0.01,0.01,0.01,0.01,0.01,0.40554842,0.10867098,0.032086566,0.010000027,0.029604347,0.012928417,0.48745745,-0.2529957431457657,0.2661090314182213
0.6799999999999999,-635420992.0,-0.1240692436695098,-0.0147880716249346,-0.0785606503486633,-0.0194448921829462,0.0324187022011181,-2053550374912.0,0.01,0.01,0.01,0.01,0.01,0.01,0.01,1.0,1.0,1.0,1.0,1.0,1.0,1.0,0.01,0.01,0.01,0.01,0.01,0.0324187,0.01,0.40554842,0.09649107,0.02978796,0.010000025,0.02757663,0.020863673,0.48745745,-0.2497991042474172,0.3470191758901767
0.69,-635420992.0,-0.110404148697853,0.0011746017262339,-0.0689900368452072,-0.0319963097572326,0.0147074845344745,-2053550374912.0,0.01,0.01,0.01,0.01,0.01,0.01,0.01,1.0,1.0,1.0,1.0,1.0,1.0,1.0,0.01,0.01,0.01,0.01,0.01,0.014707484,0.01,0.40554842,0.08605315,0.027736783,0.010000022,0.025764767,0.022044124,0.48745745,-0.2461417407212093,0.3809405000345023
0.7,-635420992.0,-0.1035331338644027,0.0217397324740886,-0.0598196163773536,-0.0416657961905002,0.0258692316251641,-2053550374912.0,0.01,0.01,0.01,0.01,0.01,0.01,0.01,1.0,1.0,1.0,1.0,1.0,1.0,1.0,0.01,0.01,0.021739732,0.01,0.01,0.025869232,0.01,0.40554842,0.07702815,0.026822502,0.01000002,0.02414064,0.02549328,0.48745745,-0.2420371891633182,0.4359532600649999
0.71,-635420992.0,-0.1033661961555481,0.0338324159383773,-0.0573886260390281,-0.0499649122357368,-0.0154124775453585,-2053550374912.0,0.01,0.01,0.01,0.01,0.01,0.01,0.01,1.0,1.0,1.0,1.0,1.0,1.0,1.0,0.01,0.01,0.033832416,0.01,0.01,0.01,0.01,0.40554842,0.069253966,0.031472184,0.0100000175,0.022693522,0.024266882,0.48745745,-0.2371032964154999,0.5374472655860664
0.72,-635420992.0,-0.1052928864955902,0.0146730560809373,-0.0426695346832275,-0.06088512763381,-0.0456175010563508,-2053550374912.0,0.01,0.01,0.01,0.01,0.01,0.01,0.01,1.0,1.0,1.0,1.0,1.0,1.0,1.0,0.01,0.01,0.014673056,0.01,0.01,0.01,0.01,0.40554842,0.06245768,0.03079123,0.010000017,0.021392846,0.022799034,0.48745745,-0.231142187680579,0.6266118442295737
0.73,-635420992.0,-0.1063278466463089,0.0432011894881725,-0.0395192950963974,-0.0758047327399253,-0.0843831325864444,-2053550374912.0,0.01,0.01,0.01,0.01,0.01,0.01,0.01,1.0,1.0,1.0,1.0,1.0,1.0,1.0,0.01,0.01,0.04320119,0.01,0.01,0.01,0.01,0.40554842,0.056559682,0.03885022,0.010000015,0.020233627,0.021492008,0.48745745,-0.2244809495070494,0.6895910170515082
0.74,-635420992.0,-0.1084440797567367,0.0212791580706834,-0.0298440046608448,-0.0900995954871177,-0.1191037353557405,-2053550374912.0,0.01,0.01,0.01,0.01,0.01,0.01,0.01,1.0,1.0,1.0,1.0,1.0,1.0,1.0,0.01,0.01,0.021279158,0.01,0.01,0.01,0.01,0.40554842,0.051404886,0.038170613,0.010000013,0.019197043,0.020324178,0.48745745,-0.2174577491719001,0.7038692688085324
0.75,-635420992.0,-0.1042927908701542,0.0537558756768703,-0.021613024175167,-0.1023345589637756,-0.1426140520064256,-2053550374912.0,0.01,0.01,0.01,0.01,0.01,0.01,0.01,1.0,1.0,1.0,1.0,1.0,1.0,1.0,0.01,0.01,0.053755876,0.01,0.01,0.01,0.01,0.40554842,0.046879962,0.048333086,0.010000012,0.0182687,0.019279024,0.48745745,-0.2105064717261567,0.6836341627407051
0.76,-635420992.0,-0.0375908057610235,0.0348104536533355,-0.018217746168375,-0.1110534444451332,-0.1702864689671269,-2053550374912.0,0.01,0.01,0.01,0.01,0.01,0.01,0.01,1.0,1.0,1.0,1.0,1.0,1.0,1.0,0.01,0.01,0.034810454,0.01,0.01,0.01,0.01,0.40554842,0.042879853,0.048394077,0.010000011,0.017433766,0.0183396,0.48745745,-0.2040084522129824,0.6207471797568276
0.77,-635420992.0,0.0262084477946167,0.0600524805486202,-0.0183421783149242,-0.1155832111835479,-0.2258655071125921,-2053550374912.0,0.01,0.01,0.01,0.01,0.01,0.01,0.01,1.0,1.0,1.0,1.0,1.0,1.0,1.0,0.01,0.026208447,0.06005248,0.01,0.01,0.01,0.01,0.40554842,0.039862365,0.05573374,0.01000001,0.016684774,0.017497351,0.48745745,-0.1982814823606246,0.5396615149644222
0.78,-635420992.0,0.0910815497646304,0.0515757277607917,-0.0207316651940345,-0.116047516465187,-0.2974417502996372,-2053550374912.0,0.01,0.01,0.01,0.01,0.01,0.01,0.01,1.0,1.0,1.0,1.0,1.0,1.0,1.0,0.01,0.09108155,0.051575728,0.01,0.01,0.01,0.01,0.40554842,0.06309765,0.056290742,0.010000009,0.016014582,0.0167441,0.48745745,-0.1934140515139103,0.4396607587057681
0.79,-635420992.0,0.1078668504692147,0.0651223883032798,-0.0240198224782943,-0.1138640493154525,-0.3784302019630935,-2053550374912.0,0.01,0.01,0.01,0.01,0.01,0.01,0.01,1.0,1.0,1.0,1.0,1.0,1.0,1.0,0.01,0.10786685,0.06512239,0.01,0.01,0.01,0.01,0.40554842,0.08225042,0.0620619,0.010000008,0.015413914,0.016069299,0.48745745,-0.1898563660902955,0.2735268884236068
0.8,-635420992.0,0.1770629572822379,0.0569804087281227,-0.0298681892454624,-0.1079197078943252,-0.4099110066890716,-2053550374912.0,0.01,0.01,0.01,0.01,0.01,0.01,0.01,1.0,1.0,1.0,1.0,1.0,1.0,1.0,0.01,0.17706296,0.05698041,0.01,0.01,0.01,0.01,0.40554842,0.12995614,0.06202759,0.010000007,0.0148735875,0.015462527,0.48745745,-0.1884239365113647,0.022306214993429
0.81,-635420992.0,0.1781299928110852,0.0563492327928543,-0.0393110290169715,-0.0962312743067741,-0.3979449868202209,-2053550374912.0,0.01,0.01,0.01,0.01,0.01,0.01,0.01,1.0,1.0,1.0,1.0,1.0,1.0,1.0,0.01,0.17812999,0.056349233,0.01,0.01,0.01,0.01,0.40554842,0.15663897,0.06139677,0.010000006,0.014387516,0.014916876,0.48745745,-0.1901144719963334,-0.3313349010440506
0.8200000000000001,-635420992.0,0.1954167243304042,0.0447274222970008,-0.0519124455749988,-0.0776650533080101,-0.379178375005722,-2053550374912.0,0.01,0.01,0.01,0.01,0.01,0.01,0.01,1.0,1.0,1.0,1.0,1.0,1.0,1.0,0.01,0.19541672,0.044727422,0.01,0.01,0.01,0.01,0.40554842,0.18134046,0.05970976,0.010000005,0.013950312,0.014426242,0.48745745,-0.1956141840050969,-0.7150525941894132
0.8300000000000001,-635420992.0,0.1775756555253254,0.025716008618474,-0.0738573297858238,-0.0563427954912185,-0.3581043183803558,-2053550374912.0,0.01,0.01,0.01,0.01,0.01,0.01,0.01,1.0,1.0,1.0,1.0,1.0,1.0,1.0,0.01,0.17757566,0.025716009,0.01,0.01,0.01,0.01,0.40554842,0.18748023,0.056213614,0.010000005,0.013557134,0.013985144,0.48745745,-0.2046456904667696,-1.0328058300073255
0.8400000000000001,-635420992.0,0.1566111185289212,-0.0048420391976833,-0.1046623364090919,-0.0027779638767242,-0.3032692670822143,-2053550374912.0,0.01,0.01,0.01,0.01,0.01,0.01,0.01,1.0,1.0,1.0,1.0,1.0,1.0,1.0,0.01,0.15661111,0.01,0.01,0.01,0.01,0.01,0.40554842,0.18495935,0.05135104,0.010000004,0.013203456,0.013588464,0.48745745,-0.2162662549127992,-1.2476161899805285
0.8500000000000001,-635420992.0,0.1276654490815549,-0.0356514081358909,-0.1319326758384704,0.0451154187321662,-0.2527712285518646,-2053550374912.0,0.01,0.01,0.01,0.01,0.01,0.01,0.01,1.0,1.0,1.0,1.0,1.0,1.0,1.0,0.01,0.12766545,0.01,0.01,0.04511542,0.01,0.01,0.40554842,0.17839007,0.04684464,0.010000004,0.035575364,0.013232307,0.48745745,-0.2293481015279137,-1.3220782301448135
0.8600000000000001,-635420992.0,0.1015627524653857,-0.0657595321536064,-0.1357616037130355,-0.0832892209291458,-0.2375006824731826,-2053550374912.0,0.01,0.01,0.01,0.01,0.01,0.01,0.01,1.0,1.0,1.0,1.0,1.0,1.0,1.0,0.01,0.10156275,0.01,0.01,0.01,0.01,0.01,0.40554842,0.16870356,0.042869724,0.0100000035,0.034309454,0.012911661,0.48745745,-0.2416866771209009,-1.1212108615392562
0.8700000000000001,-635420992.0,0.0897995464976036,-0.0850781723856926,-0.1550672352313995,-0.0312769748270511,-0.2155091519918958,-2053550374912.0,0.01,0.01,0.01,0.01,0.01,0.01,0.01,1.0,1.0,1.0,1.0,1.0,1.0,1.0,0.01,0.089799546,0.01,0.01,0.01,0.01,0.01,0.40554842,0.15825625,0.039351493,0.0100000035,0.031761236,0.012622664,0.48745745,-0.2508163041534144,-0.7387457658062123
0.8799999999999999,-635420992.0,0.0636777241105536,-0.0844752863049507,-0.1374857127666473,0.0197910442948341,-0.1711606412788404,-2053550374912.0,0.01,0.01,0.01,0.01,0.01,0.01,0.01,1.0,1.0,1.0,1.0,1.0,1.0,1.0,0.01,0.06367772,0.01,0.01,0.019791044,0.01,0.01,0.40554842,0.14717917,0.036234282,0.0100000035,0.03032704,0.012362391,0.48745745,-0.2559635907417191,-0.35921705308909
0.8899999999999999,-635420992.0,0.0171509277477861,-0.0681961998343467,-0.1204304546117782,0.0188358165323734,-0.1256860672817069,-2053550374912.0,0.01,0.01,0.01,0.01,0.01,0.01,0.01,1.0,1.0,1.0,1.0,1.0,1.0,1.0,0.01,0.017150927,0.01,0.01,0.018835817,0.01,0.01,0.40554842,0.13268042,0.033472072,0.010000003,0.029145107,0.012128316,0.48745745,-0.2579408089357378,-0.0890552209255861
0.8999999999999999,-635420992.0,-0.0430861707229273,-0.0469863265752792,-0.1026670336723327,0.0006876364350318,-0.0671167344101134,-2053550374912.0,0.01,0.01,0.01,0.01,0.01,0.01,0.01,1.0,1.0,1.0,1.0,1.0,1.0,1.0,0.01,0.01,0.01,0.01,0.01,0.01,0.01,0.40554842,0.11688542,0.031017462,0.010000003,0.027272126,0.011917564,0.48745745,-0.2578494195322011,0.0710124045627578
0.91,-635420992.0,-0.1191582659433503,-0.0273240376263856,-0.0884224697947502,-0.0104143787175416,0.0037154051533402,-2053550374912.0,0.01,0.01,0.01,0.01,0.01,0.01,0.01,1.0,1.0,1.0,1.0,1.0,1.0,1.0,0.01,0.01,0.01,0.01,0.01,0.01,0.01,0.40554842,0.10344461,0.028832441,0.010000003,0.025493264,0.011727751,0.48745745,-0.2566628346889401,0.1461405690449989
0.92,-635420992.0,-0.118799977004528,-0.0144938677549362,-0.0784563198685646,-0.0206250753253698,0.069727296501855,-2053550374912.0,0.01,0.01,0.01,0.01,0.01,0.01,0.01,1.0,1.0,1.0,1.0,1.0,1.0,1.0,0.01,0.01,0.01,0.01,0.01,0.069727294,0.01,0.40554842,0.09203775,0.02688916,0.010000002,0.023907907,0.042772785,0.48745745,-0.2549592447002171,0.1962783124297652
0.93,-635420992.0,-0.1137539222836494,-0.0042485101148486,-0.0739146322011947,-0.0288289282470941,-0.0719820213079179,-2053550374912.0,0.01,0.01,0.01,0.01,0.01,0.01,0.01,1.0,1.0,1.0,1.0,1.0,1.0,1.0,0.01,0.01,0.01,0.01,0.01,0.01,0.01,0.40554842,0.08225352,0.02515449,0.010000002,0.022490162,0.042283107,0.48745745,-0.252297626120431,0.3409951415918429
0.94,-635420992.0,-0.1115348041057586,0.0102847870439291,-0.067336656153202,-0.0376501269638538,-0.0257880206198675,-2053550374912.0,0.01,0.01,0.01,0.01,0.01,0.01,0.01,1.0,1.0,1.0,1.0,1.0,1.0,1.0,0.01,0.01,0.010284787,0.01,0.01,0.01,0.01,0.40554842,0.07379207,0.023627413,0.010000002,0.021219054,0.038832046,0.48745745,-0.2476942743066304,0.5567344427827627
0.95,-635420992.0,-0.107429563999176,0.0356990694999694,-0.0545482113957405,-0.0489660799503326,-0.0346698681556585,-2053550374912.0,0.01,0.01,0.01,0.01,0.01,0.01,0.01,1.0,1.0,1.0,1.0,1.0,1.0,1.0,0.01,0.01,0.03569907,0.01,0.01,0.01,0.01,0.40554842,0.06644356,0.03147464,0.010000002,0.020079225,0.035770323,0.48745745,-0.2408435078531512,0.7724128133665381
0.96,-635420992.0,-0.1013218015432357,0.0052037732675671,-0.0384337566792964,-0.0688846111297607,-0.0705553710498067,-2053550374912.0,0.01,0.01,0.01,0.01,0.01,0.01,0.01,1.0,1.0,1.0,1.0,1.0,1.0,1.0,0.01,0.01,0.01,0.01,0.01,0.01,0.01,0.40554842,0.0600621,0.030159399,0.010000002,0.019060068,0.03305959,0.48745745,-0.2322615891840485,0.909396145286769
0.97,-635420992.0,-0.0972117334604263,0.0560955367982387,-0.0264313668012619,-0.0932714715600013,-0.1108097430281345,-2053550374912.0,0.01,0.01,0.01,0.01,0.01,0.01,0.01,1.0,1.0,1.0,1.0,1.0,1.0,1.0,0.01,0.01,0.056095537,0.01,0.01,0.01,0.01,0.40554842,0.054489873,0.04782783,0.010000002,0.018147223,0.030652568,0.48745745,-0.2228354576323317,0.9542789231548444
0.98,-635420992.0,-0.0973690226674079,0.0154793001711368,-0.0101300068199634,-0.1148322075605392,-0.142705650771529,-2053550374912.0,0.01,0.01,0.01,0.01,0.01,0.01,0.01,1.0,1.0,1.0,1.0,1.0,1.0,1.0,0.01,0.01,0.0154793,0.01,0.01,0.01,0.01,0.40554842,0.04959539,0.04600754,0.010000001,0.01732748,0.028507402,0.48745745,-0.2136041720917051,0.8831674206014034
0.99,-635420992.0,-0.0438027853995686,0.0614091753959655,-0.0051969811320304,-0.1283807456493377,-0.1677045120743588,-2053550374912.0,0.01,0.01,0.01,0.01,0.01,0.01,0.01,1.0,1.0,1.0,1.0,1.0,1.0,1.0,0.01,0.01,0.061409175,0.01,0.01,0.01,0.01,0.40554842,0.04528908,0.055979125,0.010000001,0.016591784,0.026595354,0.48745745,-0.2055069484000444,0.7469731203349674
1.0,-635420992.0,0.0175571119774431,0.0528399795293808,-0.0088307000696659,-0.131766527891159,-0.2159546400386349,-2053550374912.0,0.01,0.01,0.01,0.01,0.01,0.01,0.01,1.0,1.0,1.0,1.0,1.0,1.0,1.0,0.01,0.017557113,0.05283998,0.01,0.01,0.01,0.01,0.40554842,0.041706007,0.05697387,0.010000001,0.015928578,0.024881907,0.48745745,-0.19903994709643,0.5783058309681952
1.0099999999999998,-635420992.0,0.0792602721778699,0.0738746374845504,-0.0163197629153728,-0.1270496398210525,-0.2800440724445599,-2053550374912.0,0.01,0.01,0.01,0.01,0.01,0.01,0.01,1.0,1.0,1.0,1.0,1.0,1.0,1.0,0.01,0.079260275,0.07387464,0.01,0.01,0.01,0.01,0.40554842,0.056689482,0.067558356,0.010000001,0.0153359035,0.023359513,0.48745745,-0.1941650823241753,0.4156605626054099
1.02,-635420992.0,0.1048452880071542,0.0572491958737373,-0.0234082452952861,-0.1191177517175674,-0.3540979788846111,-2053550374912.0,0.01,0.01,0.01,0.01,0.01,0.01,0.01,1.0,1.0,1.0,1.0,1.0,1.0,1.0,0.01,0.104845285,0.057249196,0.01,0.01,0.01,0.01,0.40554842,0.07830821,0.06742912,0.010000001,0.014803525,0.02199873,0.48745745,-0.1910728597618235,0.2150399931785212
1.0299999999999998,-635420992.0,0.1588295014331728,0.0649523213505745,-0.0319518558681011,-0.1082326844334602,-0.4059686064720154,-2053550374912.0,0.01,0.01,0.01,0.01,0.01,0.01,0.01,1.0,1.0,1.0,1.0,1.0,1.0,1.0,0.01,0.1588295,0.06495232,0.01,0.01,0.01,0.01,0.40554842,0.1179398,0.06697623,0.010000001,0.014324368,0.020779306,0.48745745,-0.1902603958119437,-0.0298399297504042
1.04,-635420992.0,0.1780521197244286,0.0606681182980537,-0.042397741228342,-0.0935243591666221,-0.3921668529510498,-2053550374912.0,0.01,0.01,0.01,0.01,0.01,0.01,0.01,1.0,1.0,1.0,1.0,1.0,1.0,1.0,0.01,0.17805211,0.06066812,0.01,0.01,0.01,0.01,0.40554842,0.14927945,0.06633736,0.010000001,0.013893227,0.019686397,0.48745745,-0.1922233721923074,-0.3287298548134816
1.0499999999999998,-635420992.0,0.1906513341188739,0.0473330281674861,-0.0541018694639205,-0.0758486837148666,-0.3763483762741089,-2053550374912.0,0.01,0.01,0.01,0.01,0.01,0.01,0.01,1.0,1.0,1.0,1.0,1.0,1.0,1.0,0.01,0.19065133,0.04733303,0.01,0.01,0.01,0.01,0.40554842,0.1751967,0.06442156,0.010000001,0.013504825,0.018705279,0.48745745,-0.1974042451264995,-0.6484471326484516
1.06,-635420992.0,0.1790654537675016,0.0294337682425975,-0.0750138983130455,-0.0554255098104476,-0.3555442988872528,-2053550374912.0,0.01,0.01,0.01,0.01,0.01,0.01,0.01,1.0,1.0,1.0,1.0,1.0,1.0,1.0,0.01,0.17906545,0.029433768,0.01,0.01,0.01,0.01,0.40554842,0.18400048,0.06079572,0.010000001,0.01315619,0.017827488,0.48745745,-0.205507249630073,-0.9215692471130243
1.0699999999999998,-635420992.0,0.1621083276571403,0.0017820578068494,-0.1011215597391128,-0.0110383965075016,-0.3091094195842743,-2053550374912.0,0.01,0.01,0.01,0.01,0.01,0.01,0.01,1.0,1.0,1.0,1.0,1.0,1.0,1.0,0.01,0.16210833,0.01,0.01,0.01,0.01,0.01,0.40554842,0.18275651,0.055469006,0.010000001,0.012842523,0.017040007,0.48745745,-0.2159204950703203,-1.120249578007237
1.08,-635420992.0,0.1359366556630332,-0.0250198096036911,-0.1246555894613266,0.0319283381104469,-0.260476678609848,-2053550374912.0,0.01,0.01,0.01,0.01,0.01,0.01,0.01,1.0,1.0,1.0,1.0,1.0,1.0,1.0,0.01,0.13593666,0.01,0.01,0.031928338,0.01,0.01,0.40554842,0.17783947,0.05045694,0.010000001,0.02597873,0.016333885,0.48745745,-0.2278233308142678,-1.2196901807602656
1.09,-635420992.0,0.1091755760331232,-0.052123837172985,-0.1412441730499267,-0.0622563995420932,-0.2425052523612976,-2053550374912.0,0.01,0.01,0.01,0.01,0.01,0.01,0.01,1.0,1.0,1.0,1.0,1.0,1.0,1.0,0.01,0.10917558,0.01,0.01,0.01,0.01,0.01,0.40554842,0.16946985,0.046050876,0.010000001,0.025327707,0.015699947,0.48745745,-0.2395859724357024,-1.110426135487541
1.1,-635420992.0,0.0941220014407007,-0.0724942609667778,-0.1405178010463714,-0.0170904286205768,-0.225675812785106,-2053550374912.0,0.01,0.01,0.01,0.01,0.01,0.01,0.01,1.0,1.0,1.0,1.0,1.0,1.0,1.0,0.01,0.094122,0.01,0.01,0.01,0.01,0.01,0.40554842,0.15974393,0.042150494,0.010000001,0.023752252,0.015128502,0.48745745,-0.2492351879181032,-0.8567747283444013
1.11,-635420992.0,0.0702791963481419,-0.0783734917640686,-0.1367808282375335,0.0405832566320896,-0.1725234663561996,-2053550374912.0,0.01,0.01,0.01,0.01,0.01,0.01,0.01,1.0,1.0,1.0,1.0,1.0,1.0,1.0,0.01,0.070279196,0.01,0.01,0.040583257,0.01,0.01,0.40554842,0.14922936,0.038714353,0.010000001,0.035051987,0.014616389,0.48745745,-0.2563002698341754,-0.5873079244643291
1.12,-635420992.0,0.0209513204357413,-0.0728838145732879,-0.1295037120580673,-0.0344300493597984,-0.1170631620278179,-2053550374912.0,0.01,0.01,0.01,0.01,0.01,0.01,0.01,1.0,1.0,1.0,1.0,1.0,1.0,1.0,0.01,0.020951321,0.01,0.01,0.01,0.01,0.01,0.40554842,0.13525812,0.035666365,0.010000001,0.03404436,0.014155419,0.48745745,-0.2603995608813838,-0.2777716215071025
1.13,-635420992.0,-0.0401336250049427,-0.058337390422821,-0.1148125082254409,-0.0204702075570821,-0.0598130960223315,-2053550374912.0,0.01,0.01,0.01,0.01,0.01,0.01,0.01,1.0,1.0,1.0,1.0,1.0,1.0,1.0,0.01,0.01,0.01,0.01,0.01,0.01,0.01,0.40554842,0.11916536,0.032964785,0.01,0.031523626,0.013741332,0.48745745,-0.2614618574429608,0.0137548611457845
1.14,-635420992.0,-0.1137072546159235,-0.0384410172700881,-0.0977501422166824,-0.0141694992780685,0.0046262919989867,-2053550374912.0,0.01,0.01,0.01,0.01,0.01,0.01,0.01,1.0,1.0,1.0,1.0,1.0,1.0,1.0,0.01,0.01,0.01,0.01,0.01,0.01,0.01,0.40554842,0.10537782,0.030565944,0.01,0.029283358,0.013369235,0.48745745,-0.2600743437624526,0.2207880782694516
1.15,-635420992.0,-0.1246363148093223,-0.0186066888272762,-0.0819940268993377,-0.0203640032559633,0.0680747471228482,-2053550374912.0,0.01,0.01,0.01,0.01,0.01,0.01,0.01,1.0,1.0,1.0,1.0,1.0,1.0,1.0,0.01,0.01,0.01,0.01,0.01,0.06807475,0.01,0.40554842,0.09367657,0.028432885,0.01,0.027289718,0.041228693,0.48745745,-0.2571740619823169,0.3379525148438242
1.16,-635420992.0,-0.1130164861679077,-0.0038507329300045,-0.0725997984409332,-0.0302279442548751,-0.0565132351922064,-2053550374912.0,0.01,0.01,0.01,0.01,0.01,0.01,0.01,1.0,1.0,1.0,1.0,1.0,1.0,1.0,0.01,0.01,0.01,0.01,0.01,0.01,0.01,0.40554842,0.08365043,0.026530527,0.01,0.02551046,0.04089786,0.48745745,-0.2530926915715696,0.4715658078008741
1.17,-635420992.0,-0.1051517575979232,0.0191439948976039,-0.0613903887569904,-0.040608711540699,-0.0199669793516747,-2053550374912.0,0.01,0.01,0.01,0.01,0.01,0.01,0.01,1.0,1.0,1.0,1.0,1.0,1.0,1.0,0.01,0.01,0.019143995,0.01,0.01,0.01,0.01,0.40554842,0.07496253,0.025622323,0.01,0.023914462,0.037594106,0.48745745,-0.2474043027545107,0.6361517733760743
1.1800000000000002,-635420992.0,-0.0992898344993591,0.0441604852676391,-0.0447780862450599,-0.0530086159706115,-0.0314840941872531,-2053550374912.0,0.01,0.01,0.01,0.01,0.01,0.01,0.01,1.0,1.0,1.0,1.0,1.0,1.0,1.0,0.01,0.01,0.044160485,0.01,0.01,0.01,0.01,0.40554842,0.06747511,0.038095225,0.01,0.02249328,0.034677796,0.48745745,-0.2401435791076911,0.7889882742555407
1.19,-635420992.0,-0.0965792536735534,0.0015018805861473,-0.0263009183108806,-0.0731303542852401,-0.0682480561213192,-2053550374912.0,0.01,0.01,0.01,0.01,0.01,0.01,0.01,1.0,1.0,1.0,1.0,1.0,1.0,1.0,0.01,0.01,0.01,0.01,0.01,0.01,0.01,0.40554842,0.060961094,0.036534935,0.01,0.02122204,0.032088667,0.48745745,-0.2317708146185867,0.8590933958936363
1.2000000000000002,-635420992.0,-0.0964454561471939,0.0436645895242691,-0.0264066606760025,-0.0933528244495391,-0.1080420178926081,-2053550374912.0,0.01,0.01,0.01,0.01,0.01,0.01,0.01,1.0,1.0,1.0,1.0,1.0,1.0,1.0,0.01,0.01,0.04366459,0.01,0.01,0.01,0.01,0.40554842,0.05526612,0.041247223,0.01,0.020083219,0.029784609,0.48745745,-0.2231756891022237,0.8517675421764199
1.21,-635420992.0,-0.100134827196598,0.0499600246548652,-0.0154631659388542,-0.1093413904309272,-0.1380569565932872,-2053550374912.0,0.01,0.01,0.01,0.01,0.01,0.01,0.01,1.0,1.0,1.0,1.0,1.0,1.0,1.0,0.01,0.01,0.049960025,0.01,0.01,0.01,0.01,0.40554842,0.050262436,0.04717463,0.01,0.01906102,0.027728625,0.48745745,-0.2149647683919947,0.7932553914889356
1.2200000000000002,-635420992.0,-0.0507218803434073,0.0530533604323864,-0.0119995698332786,-0.1190827339887619,-0.1602710183776496,-2053550374912.0,0.01,0.01,0.01,0.01,0.01,0.01,0.01,1.0,1.0,1.0,1.0,1.0,1.0,1.0,0.01,0.01,0.05305336,0.01,0.01,0.01,0.01,0.40554842,0.0458578,0.05120506,0.01,0.018143777,0.025893522,0.48745745,-0.2075903921068264,0.6961509788430255
1.23,-635420992.0,0.0122149592425777,0.0631059184670448,-0.0140627734363079,-0.122414544224739,-0.207027384886702,-2053550374912.0,0.01,0.01,0.01,0.01,0.01,0.01,0.01,1.0,1.0,1.0,1.0,1.0,1.0,1.0,0.01,0.01221496,0.06310592,0.01,0.01,0.01,0.01,0.40554842,0.04202673,0.0589747,0.01,0.017319147,0.024251463,0.48745745,-0.2013242642068606,0.584498723587958
1.2400000000000002,-635420992.0,0.0777056953470811,0.0559506639838218,-0.0184991247951984,-0.1206484362483024,-0.2724172907790572,-2053550374912.0,0.01,0.01,0.01,0.01,0.01,0.01,0.01,1.0,1.0,1.0,1.0,1.0,1.0,1.0,0.01,0.077705696,0.055950664,0.01,0.01,0.01,0.01,0.40554842,0.055822305,0.05978671,0.01,0.016582778,0.02279173,0.48745745,-0.1961783322772988,0.4618298063576067
1.25,-635420992.0,0.1045579747746707,0.0699623301625251,-0.0230637863278388,-0.1163606643676757,-0.3488533331475518,-2053550374912.0,0.01,0.01,0.01,0.01,0.01,0.01,0.01,1.0,1.0,1.0,1.0,1.0,1.0,1.0,0.01,0.104557976,0.06996233,0.01,0.01,0.01,0.01,0.40554842,0.07782739,0.0662759,0.01,0.01592386,0.021490669,0.48745745,-0.1924149981363617,0.2980784781672641
1.2599999999999998,-635420992.0,0.157838868690844,0.0604421719908714,-0.0293883271515369,-0.1092305779457092,-0.4075310826301574,-2053550374912.0,0.01,0.01,0.01,0.01,0.01,0.01,0.01,1.0,1.0,1.0,1.0,1.0,1.0,1.0,0.01,0.15783887,0.060442172,0.01,0.01,0.01,0.01,0.40554842,0.11728834,0.0662287,0.01,0.015331907,0.02032581,0.48745745,-0.1906705529942258,0.0606995195711231
1.27,-635420992.0,0.1808805860222249,0.0608314350247383,-0.0385964885354042,-0.0975445657968521,-0.3965335488319397,-2053550374912.0,0.01,0.01,0.01,0.01,0.01,0.01,0.01,1.0,1.0,1.0,1.0,1.0,1.0,1.0,0.01,0.18088059,0.060831435,0.01,0.01,0.01,0.01,0.40554842,0.15071367,0.0656093,0.01,0.014799376,0.019281048,0.48745745,-0.1918131883152808,-0.2609832085734207
1.2799999999999998,-635420992.0,0.1927570264414293,0.0501325950026512,-0.0506437234580516,-0.0798296555876731,-0.3797304332256317,-2053550374912.0,0.01,0.01,0.01,0.01,0.01,0.01,0.01,1.0,1.0,1.0,1.0,1.0,1.0,1.0,0.01,0.19275703,0.050132595,0.01,0.01,0.01,0.01,0.40554842,0.1768323,0.06400825,0.01,0.0143200075,0.01834314,0.48745745,-0.1965063284536467,-0.6215163107147306
1.29,-635420992.0,0.1832273444845895,0.0324777327477932,-0.0693806782364845,-0.060982558876276,-0.3618406653404236,-2053550374912.0,0.01,0.01,0.01,0.01,0.01,0.01,0.01,1.0,1.0,1.0,1.0,1.0,1.0,1.0,0.01,0.18322735,0.032477733,0.01,0.01,0.01,0.01,0.40554842,0.18634795,0.060736198,0.01,0.013889593,0.017503116,0.48745745,-0.2045522658361829,-0.9320712213296514
1.3000000000000005,-635420992.0,0.1653646066197091,0.0045166593044996,-0.097901239991188,-0.0177086181938648,-0.3177683353424072,-2053550374912.0,0.01,0.01,0.01,0.01,0.01,0.01,0.01,1.0,1.0,1.0,1.0,1.0,1.0,1.0,0.01,0.16536461,0.01,0.01,0.01,0.01,0.01,0.40554842,0.18534066,0.055429317,0.01,0.0135025,0.016749317,0.48745745,-0.2151543015402497,-1.1443712739818002
1.31,-635420992.0,0.1381609034287172,-0.0238270536065101,-0.1241468489170074,0.0339392200112342,-0.2607852220535278,-2053550374912.0,0.01,0.01,0.01,0.01,0.01,0.01,0.01,1.0,1.0,1.0,1.0,1.0,1.0,1.0,0.01,0.1381609,0.01,0.01,0.03393922,0.01,0.01,0.40554842,0.18038973,0.05042108,0.01,0.027681576,0.016072748,0.48745745,-0.2272997177626539,-1.2421690493036026
1.3199999999999998,-635420992.0,0.1106362851746792,-0.0523156374692916,-0.1422260701656341,-0.0624666400253772,-0.2410383820533752,-2053550374912.0,0.01,0.01,0.01,0.01,0.01,0.01,0.01,1.0,1.0,1.0,1.0,1.0,1.0,1.0,0.01,0.11063629,0.01,0.01,0.01,0.01,0.01,0.40554842,0.17183775,0.04602136,0.01,0.026864434,0.015465604,0.48745745,-0.2392158672452309,-1.1176949582135096
1.33,-635420992.0,0.095267856867985,-0.0732124000787735,-0.1407012343406677,-0.0165031366050243,-0.2216421870196771,-2053550374912.0,0.01,0.01,0.01,0.01,0.01,0.01,0.01,1.0,1.0,1.0,1.0,1.0,1.0,1.0,0.01,0.095267855,0.01,0.01,0.01,0.01,0.01,0.40554842,0.16190615,0.042126186,0.01,0.025124948,0.0149182025,0.48745745,-0.2488388837333515,-0.8455683008863062
1.34,-635420992.0,0.0696052455169571,-0.0785995498299598,-0.1364465504884719,0.041372749954462,-0.1694110716306079,-2053550374912.0,0.01,0.01,0.01,0.01,0.01,0.01,0.01,1.0,1.0,1.0,1.0,1.0,1.0,1.0,0.01,0.069605246,0.01,0.01,0.04137275,0.01,0.01,0.40554842,0.15107664,0.038692515,0.01,0.03598439,0.014427319,0.48745745,-0.2557084884286684,-0.563370883557033
1.35,-635420992.0,0.0197139997980525,-0.071990393102169,-0.1283008009195327,-0.0320420004427433,-0.1146148642362065,-2053550374912.0,0.01,0.01,0.01,0.01,0.01,0.01,0.01,1.0,1.0,1.0,1.0,1.0,1.0,1.0,0.01,0.019714,0.01,0.01,0.01,0.01,0.01,0.40554842,0.13679233,0.035643417,0.01,0.035007,0.013984986,0.48745745,-0.2595135677520757,-0.2514480131577791
1.36,-635420992.0,-0.0413562842063698,-0.0562855340540409,-0.1128203719854354,-0.0191518049687147,-0.057368142069916,-2053550374912.0,0.01,0.01,0.01,0.01,0.01,0.01,0.01,1.0,1.0,1.0,1.0,1.0,1.0,1.0,0.01,0.01,0.01,0.01,0.01,0.01,0.01,0.40554842,0.12041751,0.032945357,0.01,0.032380022,0.013588186,0.48745745,-0.2603524972418919,0.0339020636064693
1.37,-635420992.0,-0.1151002087714209,-0.0361607000231742,-0.0959574878215789,-0.0138550996780395,0.0076593572039758,-2053550374912.0,0.01,0.01,0.01,0.01,0.01,0.01,0.01,1.0,1.0,1.0,1.0,1.0,1.0,1.0,0.01,0.01,0.01,0.01,0.01,0.01,0.01,0.40554842,0.106437646,0.03054867,0.01,0.030045664,0.013231466,0.48745745,-0.2588213271802924,0.2304788451083697
1.38,-635420992.0,-0.1215212047100067,-0.0170868895947933,-0.0805271863937377,-0.0205147415399551,0.0693904507949988,-2053550374912.0,0.01,0.01,0.01,0.01,0.01,0.01,0.01,1.0,1.0,1.0,1.0,1.0,1.0,1.0,0.01,0.01,0.01,0.01,0.01,0.06939045,0.01,0.40554842,0.09458035,0.028417414,0.01,0.027969185,0.042327285,0.48745745,-0.2558756658455247,0.3394947144669194
1.39,-635420992.0,-0.1102682054042816,-0.0019560949876904,-0.0716352015733718,-0.0303540714085102,-0.0621218270365987,-2053550374912.0,0.01,0.01,0.01,0.01,0.01,0.01,0.01,1.0,1.0,1.0,1.0,1.0,1.0,1.0,0.01,0.01,0.01,0.01,0.01,0.01,0.01,0.40554842,0.08442865,0.026516993,0.01,0.026117101,0.04187799,0.48745745,-0.2517857943621353,0.4732436419820685
1.4,-635420992.0,-0.1031443178653717,0.0211823098361492,-0.0604831837117672,-0.0406856760382652,-0.024757083093867,-2053550374912.0,0.01,0.01,0.01,0.01,0.01,0.01,0.01,1.0,1.0,1.0,1.0,1.0,1.0,1.0,0.01,0.01,0.02118231,0.01,0.01,0.01,0.01,0.40554842,0.07564512,0.025799273,0.01,0.024457743,0.03846489,0.48745745,-0.246066747889227,0.6430631136720686
1.41,-635420992.0,-0.0978917181491851,0.0437165461480617,-0.0440469086170196,-0.0529269315302372,-0.0360941926299603,-2053550374912.0,0.01,0.01,0.01,0.01,0.01,0.01,0.01,1.0,1.0,1.0,1.0,1.0,1.0,1.0,0.01,0.01,0.043716546,0.01,0.01,0.01,0.01,0.40554842,0.06806649,0.037832875,0.01,0.022978846,0.035449747,0.48745745,-0.2386980501709142,0.802027560751924
1.42,-635420992.0,-0.0949591547250747,0.0033677131868898,-0.0261399187147617,-0.0733787789940834,-0.0724321468832521,-2053550374912.0,0.01,0.01,0.01,0.01,0.01,0.01,0.01,1.0,1.0,1.0,1.0,1.0,1.0,1.0,0.01,0.01,0.01,0.01,0.01,0.01,0.01,0.40554842,0.061476976,0.03618699,0.01,0.0216566,0.03277464,0.48745745,-0.230186203425264,0.873055830978834
1.4300000000000002,-635420992.0,-0.0947537869215011,0.0480125248432159,-0.0223276801407337,-0.0940162762999534,-0.1115435848170312,-2053550374912.0,0.01,0.01,0.01,0.01,0.01,0.01,0.01,1.0,1.0,1.0,1.0,1.0,1.0,1.0,0.01,0.01,0.048012525,0.01,0.01,0.01,0.01,0.40554842,0.05572172,0.043965317,0.01,0.020473074,0.03039649,0.48745745,-0.2214440618649022,0.8654104881108764
1.44,-635420992.0,-0.0984978377819061,0.0409513451159,-0.0134335048496723,-0.1103793829679489,-0.1407856668149711,-2053550374912.0,0.01,0.01,0.01,0.01,0.01,0.01,0.01,1.0,1.0,1.0,1.0,1.0,1.0,1.0,0.01,0.01,0.040951345,0.01,0.01,0.01,0.01,0.40554842,0.05067047,0.044474207,0.01,0.019411746,0.028276728,0.48745745,-0.2131581694089403,0.793921466291653
1.4500000000000002,-635420992.0,-0.0407350107398464,0.0749583095312118,-0.0107717588543891,-0.1200747936964035,-0.16502121169069,-2053550374912.0,0.01,0.01,0.01,0.01,0.01,0.01,0.01,1.0,1.0,1.0,1.0,1.0,1.0,1.0,0.01,0.01,0.07495831,0.01,0.01,0.01,0.01,0.40554842,0.046236712,0.06500027,0.01,0.018461794,0.02638987,0.48745745,-0.2057662806933501,0.6900791286672499
1.46,-635420992.0,0.0224398682938422,0.0365450046956539,-0.013206698000431,-0.1232017874717712,-0.21521692692624,-2053550374912.0,0.01,0.01,0.01,0.01,0.01,0.01,0.01,1.0,1.0,1.0,1.0,1.0,1.0,1.0,0.01,0.02243987,0.036545005,0.01,0.01,0.01,0.01,0.40554842,0.042746753,0.06429319,0.01,0.017608173,0.02470245,0.48745745,-0.1997525670689643,0.5302403105787608
1.4700000000000002,-635420992.0,0.0851718612516583,0.0605905130505561,-0.0192189700901508,-0.1201006025075912,-0.2815823323905083,-2053550374912.0,0.01,0.01,0.01,0.01,0.01,0.01,0.01,1.0,1.0,1.0,1.0,1.0,1.0,1.0,0.01,0.08517186,0.060590513,0.01,0.01,0.01,0.01,0.40554842,0.060374856,0.06326314,0.01,0.016842756,0.023196029,0.48745745,-0.1954649570494167,0.3555027421352312
1.48,-635420992.0,0.1083001156624193,0.0737074613571167,-0.0270859356969594,-0.1121957451105117,-0.355680392530014,-2053550374912.0,0.01,0.01,0.01,0.01,0.01,0.01,0.01,1.0,1.0,1.0,1.0,1.0,1.0,1.0,0.01,0.10830011,0.07370746,0.01,0.01,0.01,0.01,0.40554842,0.08174621,0.06995693,0.01,0.01615738,0.02185252,0.48745745,-0.1929190996275676,0.1683861814754139
1.4900000000000002,-635420992.0,0.1646019249284908,0.0591952763497829,-0.0354623571038246,-0.1016783118247985,-0.4006327390670776,-2053550374912.0,0.01,0.01,0.01,0.01,0.01,0.01,0.01,1.0,1.0,1.0,1.0,1.0,1.0,1.0,0.01,0.16460192,0.059195276,0.01,0.01,0.01,0.01,0.40554842,0.12257636,0.06967509,0.01,0.015541161,0.020648742,0.48745745,-0.1924736904278056,-0.0619347116130907
1.5,-635420992.0,0.1788628147942655,0.055774986743927,-0.0451643019914627,-0.0879971981048584,-0.3874636888504028,-2053550374912.0,0.01,0.01,0.01,0.01,0.01,0.01,0.01,1.0,1.0,1.0,1.0,1.0,1.0,1.0,0.01,0.17886281,0.055774987,0.01,0.01,0.01,0.01,0.40554842,0.15250474,0.06814066,0.01,0.014987242,0.01957004,0.48745745,-0.1947153827597434,-0.3570742546724351
1.5099999999999998,-635420992.0,0.1911077932447041,0.0446618758141994,-0.0562870614230632,-0.0725761726498603,-0.3733573257923126,-2053550374912.0,0.01,0.01,0.01,0.01,0.01,0.01,0.01,1.0,1.0,1.0,1.0,1.0,1.0,1.0,0.01,0.1911078,0.044661876,0.01,0.01,0.01,0.01,0.40554842,0.17700544,0.06564796,0.01,0.014488954,0.01860238,0.48745745,-0.2001130391516109,-0.671708385709965
1.52,-635420992.0,0.1782001956668119,0.026652056723833,-0.0779654830694198,-0.0504878014326095,-0.3509078919887543,-2053550374912.0,0.01,0.01,0.01,0.01,0.01,0.01,0.01,1.0,1.0,1.0,1.0,1.0,1.0,1.0,0.01,0.1782002,0.026652057,0.01,0.01,0.01,0.01,0.40554842,0.18487561,0.061561424,0.01,0.014041266,0.017735196,0.48745745,-0.2084037743552445,-0.9364481595692478
1.5299999999999998,-635420992.0,0.1597604579498037,-0.0004832614213228,-0.1038015186786651,-0.0041689947247505,-0.3024995326995849,-2053550374912.0,0.01,0.01,0.01,0.01,0.01,0.01,0.01,1.0,1.0,1.0,1.0,1.0,1.0,1.0,0.01,0.15976046,0.01,0.01,0.01,0.01,0.01,0.40554842,0.1831963,0.05608969,0.01,0.013638702,0.016957186,0.48745745,-0.218916774437959,-1.1268566628262022
1.54,-635420992.0,0.1333138843578956,-0.0272250697016716,-0.1265894919633865,0.0361070334911346,-0.2578020989894867,-2053550374912.0,0.01,0.01,0.01,0.01,0.01,0.01,0.01,1.0,1.0,1.0,1.0,1.0,1.0,1.0,0.01,0.13331388,0.01,0.01,0.036107033,0.01,0.01,0.40554842,0.17777732,0.05100536,0.01,0.029250143,0.016259918,0.48745745,-0.2308134849509862,-1.2118702976235625
1.5500000000000005,-635420992.0,0.1075005991655227,-0.0538984313607215,-0.1438130140304565,-0.0655910521745681,-0.2417721152305603,-2053550374912.0,0.01,0.01,0.01,0.01,0.01,0.01,0.01,1.0,1.0,1.0,1.0,1.0,1.0,1.0,0.01,0.1075006,0.01,0.01,0.01,0.01,0.01,0.40554842,0.16911098,0.046535194,0.01,0.028370572,0.01563367,0.48745745,-0.2423517349696149,-1.0740001016130514
1.56,-635420992.0,0.0940333841316908,-0.072928249835968,-0.1474285125732422,-0.0218748282641172,-0.2105619795818089,-2053550374912.0,0.01,0.01,0.01,0.01,0.01,0.01,0.01,1.0,1.0,1.0,1.0,1.0,1.0,1.0,0.01,0.09403338,0.01,0.01,0.01,0.01,0.01,0.40554842,0.15931018,0.042591218,0.01,0.026473654,0.015070624,0.48745745,-0.2515362938864982,-0.7867907776471647
1.5699999999999998,-635420992.0,0.0619511032316841,-0.0769374966621398,-0.1374735236167907,0.0320017710328102,-0.1581466752417913,-2053550374912.0,0.01,0.01,0.01,0.01,0.01,0.01,0.01,1.0,1.0,1.0,1.0,1.0,1.0,1.0,0.01,0.061951105,0.01,0.01,0.03200177,0.01,0.01,0.40554842,0.14833066,0.039095297,0.01,0.030039344,0.014563229,0.48745745,-0.2576717240253388,-0.4978381410388567
1.58,-635420992.0,0.0097882695398617,-0.0679352208971977,-0.1255646049976349,-0.0102892965078353,-0.1058002872002134,-2053550374912.0,0.01,0.01,0.01,0.01,0.01,0.01,0.01,1.0,1.0,1.0,1.0,1.0,1.0,1.0,0.01,0.01,0.01,0.01,0.01,0.01,0.01,0.40554842,0.13332583,0.035996284,0.01,0.02900321,0.014106625,0.48745745,-0.2610406504555027,-0.2355391338297845
1.59,-635420992.0,-0.053106448543992,-0.0523880496621131,-0.1106566786766052,-0.0024944692850112,-0.0449027663153995,-2053550374912.0,0.01,0.01,0.01,0.01,0.01,0.01,0.01,1.0,1.0,1.0,1.0,1.0,1.0,1.0,0.01,0.01,0.01,0.01,0.01,0.01,0.01,0.40554842,0.11730796,0.03325919,0.01,0.027036862,0.013697646,0.48745745,-0.2621458988562114,-0.0251222735490526
1.6,-635420992.0,-0.1305207348195501,-0.0353518426418304,-0.0968512967228889,-0.005104012787342,0.0241810794167577,-2053550374912.0,0.01,0.01,0.01,0.01,0.01,0.01,0.01,1.0,1.0,1.0,1.0,1.0,1.0,1.0,0.01,0.01,0.01,0.01,0.01,0.02418108,0.01,0.40554842,0.10380064,0.030827338,0.01,0.025283087,0.01761471,0.48745745,-0.2615589869014256,0.1128899774000424
1.61,-635420992.0,-0.1256759315729141,-0.019707690924406,-0.0850454494357109,-0.0150289162993431,0.0571559607318898,-2053550374912.0,0.01,0.01,0.01,0.01,0.01,0.01,0.01,1.0,1.0,1.0,1.0,1.0,1.0,1.0,0.01,0.01,0.01,0.01,0.01,0.05715596,0.01,0.40554842,0.092325725,0.028665211,0.01,0.02371846,0.036997925,0.48745745,-0.2598808672764531,0.2119876150836662
1.62,-635420992.0,-0.1185204833745956,-0.0095392623916268,-0.0772740468382835,-0.0250724162906408,-0.0226872316913263,-2053550374912.0,0.01,0.01,0.01,0.01,0.01,0.01,0.01,1.0,1.0,1.0,1.0,1.0,1.0,1.0,0.01,0.01,0.01,0.01,0.01,0.01,0.01,0.40554842,0.082479455,0.026736272,0.01,0.02231837,0.037355077,0.48745745,-0.2570181406796677,0.353305338665941
1.63,-635420992.0,-0.1135765463113784,0.0064264293760061,-0.0697020590305328,-0.0353823043406009,-0.0070512339023018,-2053550374912.0,0.01,0.01,0.01,0.01,0.01,0.01,0.01,1.0,1.0,1.0,1.0,1.0,1.0,1.0,0.01,0.01,0.01,0.01,0.01,0.01,0.01,0.40554842,0.07395301,0.025009021,0.01,0.021061359,0.034455895,0.48745745,-0.2524336342541973,0.5316283435895462
1.64,-635420992.0,-0.108507826924324,0.0335343964397907,-0.0565743930637836,-0.0468613095581531,-0.0260973561547417,-2053550374912.0,0.01,0.01,0.01,0.01,0.01,0.01,0.01,1.0,1.0,1.0,1.0,1.0,1.0,1.0,0.01,0.01,0.033534396,0.01,0.01,0.01,0.01,0.40554842,0.066563725,0.030416386,0.01,0.019935645,0.031880938,0.48745745,-0.2460637491042972,0.7023713320013907
1.65,-635420992.0,-0.1043194234371185,0.0104086138308048,-0.0381562002003192,-0.0648996084928512,-0.0647772879930695,-2053550374912.0,0.01,0.01,0.01,0.01,0.01,0.01,0.01,1.0,1.0,1.0,1.0,1.0,1.0,1.0,0.01,0.01,0.010408614,0.01,0.01,0.01,0.01,0.40554842,0.060156528,0.029328382,0.01,0.018930059,0.029598167,0.48745745,-0.2383253386275376,0.8176705596256184
1.66,-635420992.0,-0.10235346108675,0.0566210709512233,-0.021584291011095,-0.0862544253468513,-0.104326603191024,-2053550374912.0,0.01,0.01,0.01,0.01,0.01,0.01,0.01,1.0,1.0,1.0,1.0,1.0,1.0,1.0,0.01,0.01,0.05662107,0.01,0.01,0.01,0.01,0.40554842,0.054572556,0.047960352,0.01,0.01803061,0.02756998,0.48745745,-0.2297825337523299,0.8697978361310703
1.67,-635420992.0,-0.096855279520354,0.0079029221087694,-4.41819429397583e-06,-0.1053886115550994,-0.1348226043152409,-2053550374912.0,0.01,0.01,0.01,0.01,0.01,0.01,0.01,1.0,1.0,1.0,1.0,1.0,1.0,1.0,0.01,0.01,0.01,0.01,0.01,0.01,0.01,0.40554842,0.049667615,0.045731463,0.01,0.017222786,0.02575892,0.48745745,-0.2213009312513875,0.8160836775740511
1.6800000000000002,-635420992.0,-0.0284896695412838,0.0479000210762023,-0.0145491324365139,-0.1182277053594589,-0.1674843499803673,-2053550374912.0,0.01,0.01,0.01,0.01,0.01,0.01,0.01,1.0,1.0,1.0,1.0,1.0,1.0,1.0,0.01,0.01,0.04790002,0.01,0.01,0.01,0.01,0.40554842,0.045341507,0.04700246,0.01,0.01649618,0.024138305,0.48745745,-0.2137844372222269,0.7038001271753668
1.69,-635420992.0,0.0353721412240972,0.0686373114585876,-0.0158076211810112,-0.1222105771303176,-0.2247893586075996,-2053550374912.0,0.01,0.01,0.01,0.01,0.01,0.01,0.01,1.0,1.0,1.0,1.0,1.0,1.0,1.0,0.01,0.03537214,0.06863731,0.01,0.01,0.01,0.01,0.40554842,0.04252389,0.06114812,0.01,0.015845258,0.022693457,0.48745745,-0.2073930662052566,0.5875554451649793
1.7000000000000002,-635420992.0,0.0970198579228577,0.0417656451463699,-0.0196642018854618,-0.120662972331047,-0.2965507424955996,-2053550374912.0,0.01,0.01,0.01,0.01,0.01,0.01,0.01,1.0,1.0,1.0,1.0,1.0,1.0,1.0,0.01,0.09701986,0.041765645,0.01,0.01,0.01,0.01,0.40554842,0.06790723,0.060527876,0.01,0.015261149,0.021402406,0.48745745,-0.2023207357599691,0.4333744611893334
1.71,-635420992.0,0.1132293986764578,0.0608148425817489,-0.025425374507904,-0.1151906102895736,-0.3749946847648286,-2053550374912.0,0.01,0.01,0.01,0.01,0.01,0.01,0.01,1.0,1.0,1.0,1.0,1.0,1.0,1.0,0.01,0.1132294,0.060814843,0.01,0.01,0.01,0.01,0.40554842,0.08714897,0.06063497,0.01,0.01473676,0.02024774,0.48745745,-0.1991401764613993,0.2131995937800102
1.7200000000000002,-635420992.0,0.1808778636830007,0.0639393329620361,-0.0341853275895118,-0.1049031242728233,-0.4030451774597168,-2053550374912.0,0.01,0.01,0.01,0.01,0.01,0.01,0.01,1.0,1.0,1.0,1.0,1.0,1.0,1.0,0.01,0.18087786,0.06393933,0.01,0.01,0.01,0.01,0.40554842,0.13420135,0.06275814,0.01,0.01426483,0.01921204,0.48745745,-0.1984439495126843,-0.0553861619477775
1.73,-635420992.0,0.1807762502140805,0.0513012185692787,-0.0453301481902599,-0.0896092653274536,-0.3887032866477966,-2053550374912.0,0.01,0.01,0.01,0.01,0.01,0.01,0.01,1.0,1.0,1.0,1.0,1.0,1.0,1.0,0.01,0.18077625,0.05130122,0.01,0.01,0.01,0.01,0.40554842,0.16006054,0.06181689,0.01,0.01384002,0.018282546,0.48745745,-0.200865411969243,-0.395838876683839
1.7400000000000002,-635420992.0,0.1951135686371691,0.0378990024328231,-0.0579999908804893,-0.0710799619555473,-0.3717034459114074,-2053550374912.0,0.01,0.01,0.01,0.01,0.01,0.01,0.01,1.0,1.0,1.0,1.0,1.0,1.0,1.0,0.01,0.19511357,0.037899002,0.01,0.01,0.01,0.01,0.40554842,0.18277806,0.059390835,0.01,0.013457475,0.017447785,0.48745745,-0.2068721187338637,-0.7447077780940768
1.75,-635420992.0,0.1763333435854192,0.0180376358330249,-0.0821463167667388,-0.046449951827526,-0.3471175134181976,-2053550374912.0,0.01,0.01,0.01,0.01,0.01,0.01,0.01,1.0,1.0,1.0,1.0,1.0,1.0,1.0,0.01,0.17633334,0.018037636,0.01,0.01,0.01,0.01,0.40554842,0.18778494,0.05510299,0.01,0.013113764,0.016699623,0.48745745,-0.2159595084933055,-1.0203136492515548
1.7599999999999998,-635420992.0,0.154799662173773,-0.010467953979969,-0.1104419231414794,0.0066528022289276,-0.2916331887245178,-2053550374912.0,0.01,0.01,0.01,0.01,0.01,0.01,0.01,1.0,1.0,1.0,1.0,1.0,1.0,1.0,0.01,0.15479966,0.01,0.01,0.01,0.01,0.01,0.40554842,0.1849673,0.050260473,0.01,0.012804503,0.016027926,0.48745745,-0.22727696610503,-1.205163766228444
1.77,-635420992.0,0.1261791292056737,-0.0400787144899368,-0.1339652240276336,0.0452764853835105,-0.2475388795137405,-2053550374912.0,0.01,0.01,0.01,0.01,0.01,0.01,0.01,1.0,1.0,1.0,1.0,1.0,1.0,1.0,0.01,0.12617913,0.01,0.01,0.045276485,0.01,0.01,0.40554842,0.17815204,0.045884315,0.01,0.035578154,0.015425851,0.48745745,-0.2398255597989924,-1.261457396533585
1.7799999999999998,-635420992.0,0.1012213143527994,-0.0685096979141235,-0.142801821231842,-0.0840151235461235,-0.2343052625656128,-2053550374912.0,0.01,0.01,0.01,0.01,0.01,0.01,0.01,1.0,1.0,1.0,1.0,1.0,1.0,1.0,0.01,0.101221316,0.01,0.01,0.01,0.01,0.01,0.40554842,0.16841172,0.04202217,0.01,0.034315217,0.014884545,0.48745745,-0.2515347645169861,-1.0598767331918166
1.79,-635420992.0,0.085506651726756,-0.0861759558320045,-0.1499620079994201,-0.0318514443933963,-0.1918152374219628,-2053550374912.0,0.01,0.01,0.01,0.01,0.01,0.01,0.01,1.0,1.0,1.0,1.0,1.0,1.0,1.0,0.01,0.085506655,0.01,0.01,0.01,0.01,0.01,0.40554842,0.15781324,0.038604636,0.01,0.031768497,0.014397582,0.48745745,-0.260135204891422,-0.6874682744747025
1.8000000000000005,-635420992.0,0.0491571515039328,-0.0850032120943069,-0.1409454643726349,0.0122886225581169,-0.1450424108338275,-2053550374912.0,0.01,0.01,0.01,0.01,0.01,0.01,0.01,1.0,1.0,1.0,1.0,1.0,1.0,1.0,0.01,0.04915715,0.01,0.01,0.012288623,0.01,0.01,0.40554842,0.14534657,0.035572477,0.01,0.029693777,0.013959147,0.48745745,-0.2648215080900494,-0.3161557107854829
1.81,-635420992.0,-0.002785391433733,-0.0686626434326171,-0.1217852383852005,0.0217840485274791,-0.0959558437805769,-2053550374912.0,0.01,0.01,0.01,0.01,0.01,0.01,0.01,1.0,1.0,1.0,1.0,1.0,1.0,1.0,0.01,0.01,0.01,0.01,0.021784049,0.01,0.01,0.40554842,0.12944174,0.0328851,0.01,0.028759826,0.013565308,0.48745745,-0.2664208441589488,-0.0541550255629952
1.82,-635420992.0,-0.0681016950571846,-0.0477046743035316,-0.1035912260413169,0.0002704747021198,-0.0348546287728705,-2053550374912.0,0.01,0.01,0.01,0.01,0.01,0.01,0.01,1.0,1.0,1.0,1.0,1.0,1.0,1.0,0.01,0.01,0.01,0.01,0.01,0.01,0.01,0.40554842,0.1140617,0.030496031,0.01,0.026961692,0.013211015,0.48745745,-0.2660163155072936,0.1005696746209973
1.83,-635420992.0,-0.1278347820043563,-0.0283293761312961,-0.0893494114279747,-0.0102332942187786,0.0357194160045918,-2053550374912.0,0.01,0.01,0.01,0.01,0.01,0.01,0.01,1.0,1.0,1.0,1.0,1.0,1.0,1.0,0.01,0.01,0.01,0.01,0.01,0.035719417,0.01,0.40554842,0.10105431,0.028368613,0.01,0.025216673,0.022175113,0.48745745,-0.2645479498856554,0.1744893670993138
1.84,-635420992.0,-0.1184705644845962,-0.0163826309144496,-0.0800808295607566,-0.0199644360691308,0.0236853295928755,-2053550374912.0,0.01,0.01,0.01,0.01,0.01,0.01,0.01,1.0,1.0,1.0,1.0,1.0,1.0,1.0,0.01,0.01,0.01,0.01,0.01,0.023685329,0.01,0.40554842,0.089944355,0.026469158,0.01,0.023655659,0.02441089,0.48745745,-0.2624566378387922,0.239997925889795
1.85,-635420992.0,-0.1133839786052703,-0.0043439324945211,-0.0746975764632225,-0.0284349266439676,0.0373414983985841,-2053550374912.0,0.01,0.01,0.01,0.01,0.01,0.01,0.01,1.0,1.0,1.0,1.0,1.0,1.0,1.0,0.01,0.01,0.01,0.01,0.01,0.037341498,0.01,0.40554842,0.08041394,0.024774276,0.01,0.02226035,0.03353853,0.48745745,-0.2594953576346332,0.3449554808398533
1.86,-635420992.0,-0.1120290160179138,0.0116890352219343,-0.0674185082316398,-0.0370028130710125,-0.0208890860206536,-2053550374912.0,0.01,0.01,0.01,0.01,0.01,0.01,0.01,1.0,1.0,1.0,1.0,1.0,1.0,1.0,0.01,0.01,0.011689035,0.01,0.01,0.01,0.01,0.40554842,0.07218973,0.023403188,0.01,0.02101208,0.032255948,0.48745745,-0.2551696138976673,0.5045054539474741
1.87,-635420992.0,-0.1109257042407989,0.0321727320551872,-0.0563248768448829,-0.0466344803571701,-0.0417153654693438,-2053550374912.0,0.01,0.01,0.01,0.01,0.01,0.01,0.01,1.0,1.0,1.0,1.0,1.0,1.0,1.0,0.01,0.01,0.032172732,0.01,0.01,0.01,0.01,0.40554842,0.06505628,0.029227471,0.01,0.019894496,0.029931987,0.48745745,-0.2490809353705535,0.6829843888000753
1.88,-635420992.0,-0.108060210943222,0.005787381902337,-0.0399770177900791,-0.0637473315000534,-0.075966953488355,-2053550374912.0,0.01,0.01,0.01,0.01,0.01,0.01,0.01,1.0,1.0,1.0,1.0,1.0,1.0,1.0,0.01,0.01,0.01,0.01,0.01,0.01,0.01,0.40554842,0.05884141,0.028174108,0.01,0.018893223,0.02786275,0.48745745,-0.2414605326906191,0.811457400837695
1.89,-635420992.0,-0.1054310426115989,0.0506222136318683,-0.0324805192649364,-0.0845513492822647,-0.1115333025822924,-2053550374912.0,0.01,0.01,0.01,0.01,0.01,0.01,0.01,1.0,1.0,1.0,1.0,1.0,1.0,1.0,0.01,0.01,0.050622214,0.01,0.01,0.01,0.01,0.40554842,0.0534159,0.043434277,0.01,0.017996976,0.026020909,0.48745745,-0.2328571468194168,0.8857435013151762
1.9,-635420992.0,-0.0821800331880664,0.0085483714938163,-0.025039218366146,-0.1041825115680694,-0.138952236125521,-2053550374912.0,0.01,0.01,0.01,0.01,0.01,0.01,0.01,1.0,1.0,1.0,1.0,1.0,1.0,1.0,0.01,0.01,0.01,0.01,0.01,0.01,0.01,0.40554842,0.048650343,0.041530818,0.01,0.017192498,0.024375739,0.48745745,-0.2240842223526965,0.8564379773096282
1.91,-635420992.0,-0.0135634648834979,0.0537100993096828,-0.0149392262101173,-0.1184688955545425,-0.1799731829881508,-2053550374912.0,0.01,0.01,0.01,0.01,0.01,0.01,0.01,1.0,1.0,1.0,1.0,1.0,1.0,1.0,0.01,0.01,0.0537101,0.01,0.01,0.01,0.01,0.40554842,0.04445519,0.049383584,0.01,0.01647046,0.022905663,0.48745745,-0.2159928488797322,0.7673473797393783
1.92,-635420992.0,0.0526437879294424,0.0471279472112655,-0.0131303705275058,-0.1247264668345451,-0.2436569027955804,-2053550374912.0,0.01,0.01,0.01,0.01,0.01,0.01,0.01,1.0,1.0,1.0,1.0,1.0,1.0,1.0,0.01,0.052643787,0.047127947,0.01,0.01,0.01,0.01,0.40554842,0.045240805,0.05026089,0.01,0.015819209,0.021584747,0.48745745,-0.2090452878332342,0.6451207412822026
1.93,-635420992.0,0.0950590380645619,0.0705053657293319,-0.0172017514705657,-0.1239676177501678,-0.3187363470628966,-2053550374912.0,0.01,0.01,0.01,0.01,0.01,0.01,0.01,1.0,1.0,1.0,1.0,1.0,1.0,1.0,0.01,0.09505904,0.070505366,0.01,0.01,0.01,0.01,0.40554842,0.06779557,0.063261814,0.01,0.015237851,0.020410022,0.48745745,-0.2033759765802058,0.4936681934995834
1.94,-635420992.0,0.1357652432516392,0.0463861115276813,-0.0224097073078155,-0.1192740201950073,-0.3990349350186438,-2053550374912.0,0.01,0.01,0.01,0.01,0.01,0.01,0.01,1.0,1.0,1.0,1.0,1.0,1.0,1.0,0.01,0.13576524,0.04638611,0.01,0.01,0.01,0.01,0.40554842,0.10100708,0.062442247,0.01,0.014715564,0.019358004,0.48745745,-0.1997065721335226,0.2460914048995256
1.95,-635420992.0,0.1779011512527371,0.0585720166563987,-0.0317553058266639,-0.1087349206209182,-0.4076637923717499,-2053550374912.0,0.01,0.01,0.01,0.01,0.01,0.01,0.01,1.0,1.0,1.0,1.0,1.0,1.0,1.0,0.01,0.17790115,0.058572017,0.01,0.01,0.01,0.01,0.40554842,0.13950779,0.061839364,0.01,0.014245594,0.018414026,0.48745745,-0.1990828902630269,-0.0950888428185996
1.96,-635420992.0,0.1920134064227655,0.052994780242443,-0.0451366901397705,-0.0907215699553489,-0.3906465768814087,-2053550374912.0,0.01,0.01,0.01,0.01,0.01,0.01,0.01,1.0,1.0,1.0,1.0,1.0,1.0,1.0,0.01,0.19201341,0.05299478,0.01,0.01,0.01,0.01,0.40554842,0.16930959,0.060938947,0.01,0.01382259,0.017566536,0.48745745,-0.2022575147560825,-0.4912577777097156
1.97,-635420992.0,0.190941975560537,0.0357189364731311,-0.0598599798977375,-0.0691748559474945,-0.3702778816223144,-2053550374912.0,0.01,0.01,0.01,0.01,0.01,0.01,0.01,1.0,1.0,1.0,1.0,1.0,1.0,1.0,0.01,0.19094197,0.035718936,0.01,0.01,0.01,0.01,0.40554842,0.18538612,0.0584119,0.01,0.013442189,0.016806152,0.48745745,-0.2093417937286686,-0.8628908429161273
1.98,-635420992.0,0.1746143652982724,0.0115114925429224,-0.0886613205075264,-0.037885632365942,-0.3396441638469696,-2053550374912.0,0.01,0.01,0.01,0.01,0.01,0.01,0.01,1.0,1.0,1.0,1.0,1.0,1.0,1.0,0.01,0.17461437,0.011511493,0.01,0.01,0.01,0.01,0.40554842,0.1884471,0.05357472,0.01,0.013100054,0.016123671,0.48745745,-0.2195532215640027,-1.1247615194741554
1.99,-635420992.0,0.147864265435541,-0.0189829990267753,-0.1190885007381439,0.0245522335171699,-0.273351639509201,-2053550374912.0,0.01,0.01,0.01,0.01,0.01,0.01,0.01,1.0,1.0,1.0,1.0,1.0,1.0,1.0,0.01,0.14786427,0.01,0.01,0.024552234,0.01,0.01,0.40554842,0.18450943,0.048814125,0.01,0.021011539,0.015510772,0.48745745,-0.2317093029929334,-1.2619832977484522
2.0,-635420992.0,0.1183799891185264,-0.050420731306076,-0.1412317752838134,-0.0427481569349765,-0.2392732799053192,-2053550374912.0,0.01,0.01,0.01,0.01,0.01,0.01,0.01,1.0,1.0,1.0,1.0,1.0,1.0,1.0,0.01,0.11837999,0.01,0.01,0.01,0.01,0.01,0.40554842,0.1766614,0.04460108,0.01,0.02053366,0.014960148,0.48745745,-0.2441700790550837,-1.2069249680084986
2.01,-635420992.0,0.0974109860765313,-0.0760732814669609,-0.1493346244096756,0.0320612639188766,-0.2369590252637863,-2053550374912.0,0.01,0.01,0.01,0.01,0.01,0.01,0.01,1.0,1.0,1.0,1.0,1.0,1.0,1.0,0.01,0.097410984,0.01,0.01,0.032061264,0.01,0.01,0.40554842,0.16659346,0.04087913,0.01,0.028176652,0.014464833,0.48745745,-0.2553235427780607,-1.0301130095459907
2.02,-635420992.0,0.0806755147523007,-0.0895459130406379,-0.1510967910289764,-0.0206477362662553,-0.1814407930570022,-2053550374912.0,0.01,0.01,0.01,0.01,0.01,0.01,0.01,1.0,1.0,1.0,1.0,1.0,1.0,1.0,0.01,0.08067551,0.01,0.01,0.01,0.01,0.01,0.40554842,0.15589158,0.03758982,0.01,0.027187968,0.014019864,0.48745745,-0.2640497142005133,-0.7388219562631688
2.03,-635420992.0,0.0375335241662059,-0.0888734757900238,-0.1434572637081146,0.0220308937132358,-0.1287552236763539,-2053550374912.0,0.01,0.01,0.01,0.01,0.01,0.01,0.01,1.0,1.0,1.0,1.0,1.0,1.0,1.0,0.01,0.037533525,0.01,0.01,0.022030894,0.01,0.01,0.40554842,0.14259611,0.034670226,0.01,0.02641463,0.01361921,0.48745745,-0.2696678244301461,-0.4398947989203473
2.04,-635420992.0,-0.0202055700696092,-0.0763728022575378,-0.1281873285770416,0.019581165164709,-0.0740107899725915,-2053550374912.0,0.01,0.01,0.01,0.01,0.01,0.01,0.01,1.0,1.0,1.0,1.0,1.0,1.0,1.0,0.01,0.01,0.01,0.01,0.019581165,0.01,0.01,0.40554842,0.12603645,0.032081205,0.01,0.025748985,0.013259231,0.48745745,-0.2726603580191688,-0.2009425912682986
2.0500000000000003,-635420992.0,-0.0898755779459479,-0.0594529062509536,-0.1130114123225212,0.0055432580411434,-0.0095421348556132,-2053550374912.0,0.01,0.01,0.01,0.01,0.01,0.01,0.01,1.0,1.0,1.0,1.0,1.0,1.0,1.0,0.01,0.01,0.01,0.01,0.01,0.01,0.01,0.40554842,0.111174285,0.029778708,0.01,0.024279432,0.012935366,0.48745745,-0.2736025554988735,-0.0217998085911319
2.06,-635420992.0,-0.1374585479497909,-0.0422387197613716,-0.0997129455208778,-0.0027371123433113,0.061730021782325,-2053550374912.0,0.01,0.01,0.01,0.01,0.01,0.01,0.01,1.0,1.0,1.0,1.0,1.0,1.0,1.0,0.01,0.01,0.01,0.01,0.01,0.061730023,0.01,0.40554842,0.09860833,0.027730387,0.01,0.022820981,0.035797115,0.48745745,-0.273093914833543,0.1037209841892726
2.0700000000000003,-635420992.0,-0.1300432533025741,-0.0271302554756402,-0.0889420583844184,-0.0128215309232473,-0.0258871896341139,-2053550374912.0,0.01,0.01,0.01,0.01,0.01,0.01,0.01,1.0,1.0,1.0,1.0,1.0,1.0,1.0,0.01,0.01,0.01,0.01,0.01,0.01,0.01,0.40554842,0.08788014,0.025903529,0.01,0.021516297,0.036384657,0.48745745,-0.271239841020201,0.2593720038863938
2.08,-635420992.0,-0.1231309473514556,-0.0166959166526794,-0.0807435512542724,-0.0236817747354507,0.0156765115341879,-2053550374912.0,0.01,0.01,0.01,0.01,0.01,0.01,0.01,1.0,1.0,1.0,1.0,1.0,1.0,1.0,0.01,0.01,0.01,0.01,0.01,0.015676511,0.01,0.40554842,0.07861135,0.024265733,0.01,0.020343587,0.03441737,0.48745745,-0.2675333059350801,0.4471230866300829
2.09,-635420992.0,-0.1153802126646041,0.0037056226283311,-0.0700778067111969,-0.0359878577291965,0.005480858928446,-2053550374912.0,0.01,0.01,0.01,0.01,0.01,0.01,0.01,1.0,1.0,1.0,1.0,1.0,1.0,1.0,0.01,0.01,0.01,0.01,0.01,0.01,0.01,0.40554842,0.07057523,0.022798005,0.01,0.019290157,0.032672424,0.48745745,-0.2619498019048623,0.6221605722203392
2.1,-635420992.0,-0.1085675284266471,0.0387413054704666,-0.0524086654186248,-0.0504119209945201,-0.0330203736998834,-2053550374912.0,0.01,0.01,0.01,0.01,0.01,0.01,0.01,1.0,1.0,1.0,1.0,1.0,1.0,1.0,0.01,0.01,0.038741305,0.01,0.01,0.01,0.01,0.40554842,0.0636584,0.033491824,0.01,0.018352209,0.0303044,0.48745745,-0.2548567857308489,0.768026551519111
2.11,-635420992.0,-0.1055038645863533,-0.0069332704879343,-0.033217292279005,-0.0718012601137161,-0.0750597897139296,-2053550374912.0,0.01,0.01,0.01,0.01,0.01,0.01,0.01,1.0,1.0,1.0,1.0,1.0,1.0,1.0,0.01,0.01,0.01,0.01,0.01,0.01,0.01,0.40554842,0.057626024,0.032345567,0.01,0.017511,0.028196188,0.48745745,-0.2467147488880657,0.836589918547467
2.12,-635420992.0,-0.1050397306680679,0.0341056697070598,-0.0197144411504268,-0.0922755673527717,-0.1120523072754594,-2053550374912.0,0.01,0.01,0.01,0.01,0.01,0.01,0.01,1.0,1.0,1.0,1.0,1.0,1.0,1.0,0.01,0.01,0.03410567,0.01,0.01,0.01,0.01,0.40554842,0.052333467,0.03342052,0.01,0.016754756,0.02631313,0.48745745,-0.2382439411926803,0.851932449211665
2.13,-635420992.0,-0.0743982440561308,0.0585545673966407,-0.0134593434631824,-0.1082063987851142,-0.1368179125880438,-2053550374912.0,0.01,0.01,0.01,0.01,0.01,0.01,0.01,1.0,1.0,1.0,1.0,1.0,1.0,1.0,0.01,0.01,0.058554567,0.01,0.01,0.01,0.01,0.40554842,0.047700733,0.050492786,0.01,0.01607771,0.02463743,0.48745745,-0.2297623268558799,0.8347855792699744
2.14,-635420992.0,-0.0076986411710973,0.0161602441221475,0.0005247369408607,-0.118877500295639,-0.1815250702012606,-2053550374912.0,0.01,0.01,0.01,0.01,0.01,0.01,0.01,1.0,1.0,1.0,1.0,1.0,1.0,1.0,0.01,0.01,0.016160244,0.01,0.01,0.01,0.01,0.40554842,0.043615993,0.048733145,0.01,0.015469115,0.023138985,0.48745745,-0.2219027531841569,0.7375673819444819
2.15,-635420992.0,0.0587091839655701,0.054140131920576,-0.018583346158266,-0.1230158805847168,-0.2477183148423997,-2053550374912.0,0.01,0.01,0.01,0.01,0.01,0.01,0.01,1.0,1.0,1.0,1.0,1.0,1.0,1.0,0.01,0.058709186,0.054140132,0.01,0.01,0.01,0.01,0.40554842,0.0478733,0.0520252,0.01,0.014922442,0.021799345,0.48745745,-0.2152723371310787,0.6055792702601022
2.16,-635420992.0,0.0936771087641585,0.0602299831807613,-0.0214198641479015,-0.120683342218399,-0.3241351743720775,-2053550374912.0,0.01,0.01,0.01,0.01,0.01,0.01,0.01,1.0,1.0,1.0,1.0,1.0,1.0,1.0,0.01,0.09367711,0.060229983,0.01,0.01,0.01,0.01,0.40554842,0.06810857,0.05743646,0.01,0.014431786,0.020602105,0.48745745,-0.2100682827841112,0.4436990338451017
2.17,-635420992.0,0.1455608990826573,0.0546210631728172,-0.0273694992065429,-0.1142724752426147,-0.4045053500433144,-2053550374912.0,0.01,0.01,0.01,0.01,0.01,0.01,0.01,1.0,1.0,1.0,1.0,1.0,1.0,1.0,0.01,0.1455609,0.054621063,0.01,0.01,0.01,0.01,0.40554842,0.10660824,0.057606123,0.01,0.0139906155,0.01952967,0.48745745,-0.2068212630729348,0.2157769468486782
2.18,-635420992.0,0.176087891472959,0.0583420395851135,-0.0363983437418937,-0.103154644370079,-0.4009714722633362,-2053550374912.0,0.01,0.01,0.01,0.01,0.01,0.01,0.01,1.0,1.0,1.0,1.0,1.0,1.0,1.0,0.01,0.17608789,0.05834204,0.01,0.01,0.01,0.01,0.40554842,0.14142068,0.05806925,0.01,0.01359344,0.018567424,0.48745745,-0.2063625551223553,-0.0982857191916125
2.19,-635420992.0,0.1940430129006122,0.0470881015062332,-0.0487001277506351,-0.0859189108014106,-0.3849672377109527,-2053550374912.0,0.01,0.01,0.01,0.01,0.01,0.01,0.01,1.0,1.0,1.0,1.0,1.0,1.0,1.0,0.01,0.19404301,0.0470881,0.01,0.01,0.01,0.01,0.40554842,0.17190759,0.057044573,0.01,0.013236167,0.017704489,0.48745745,-0.2094369665967816,-0.4754750898675351
2.2,-635420992.0,0.1880506229680643,0.0303983427584171,-0.0623921416699886,-0.0659341141581535,-0.3664664328098297,-2053550374912.0,0.01,0.01,0.01,0.01,0.01,0.01,0.01,1.0,1.0,1.0,1.0,1.0,1.0,1.0,0.01,0.18805063,0.030398343,0.01,0.01,0.01,0.01,0.40554842,0.18546024,0.054433007,0.01,0.012914361,0.016929327,0.48745745,-0.2163503043265122,-0.8409056718443528
2.21,-635420992.0,0.1725190285049702,0.00774797052145,-0.0903696119785308,-0.035573273897171,-0.336561769247055,-2053550374912.0,0.01,0.01,0.01,0.01,0.01,0.01,0.01,1.0,1.0,1.0,1.0,1.0,1.0,1.0,0.01,0.17251903,0.01,0.01,0.01,0.01,0.01,0.40554842,0.18767835,0.049863093,0.01,0.01262507,0.01623422,0.48745745,-0.2263437274149266,-1.1027920618721876
2.22,-635420992.0,0.1445912275868711,-0.022189300507307,-0.1196276396512985,0.0240086168050766,-0.2729559540748596,-2053550374912.0,0.01,0.01,0.01,0.01,0.01,0.01,0.01,1.0,1.0,1.0,1.0,1.0,1.0,1.0,0.01,0.14459123,0.01,0.01,0.024008617,0.01,0.01,0.40554842,0.18339421,0.04552479,0.01,0.020478614,0.015610052,0.48745745,-0.238276519701616,-1.2391456684227071
2.23,-635420992.0,0.1152412103343761,-0.0537121221423149,-0.1346213668584823,-0.0419252291321754,-0.2385014295578003,-2053550374912.0,0.01,0.01,0.01,0.01,0.01,0.01,0.01,1.0,1.0,1.0,1.0,1.0,1.0,1.0,0.01,0.11524121,0.01,0.01,0.01,0.01,0.01,0.40554842,0.1752194,0.04169882,0.01,0.020048479,0.0150493635,0.48745745,-0.2505174055059574,-1.1869526427090635
2.24,-635420992.0,0.0952953645422846,-0.0794911235570907,-0.1500409841537475,0.0285806618630886,-0.2359111011028289,-2053550374912.0,0.01,0.01,0.01,0.01,0.01,0.01,0.01,1.0,1.0,1.0,1.0,1.0,1.0,1.0,0.01,0.09529536,0.01,0.01,0.028580662,0.01,0.01,0.40554842,0.16497815,0.038314786,0.01,0.025829354,0.014545276,0.48745745,-0.2614721763974649,-1.0095952692295629
2.25,-635420992.0,0.0776477195003753,-0.0929187312722206,-0.1541649401187896,-0.0097182933241128,-0.1753519919870754,-2053550374912.0,0.01,0.01,0.01,0.01,0.01,0.01,0.01,1.0,1.0,1.0,1.0,1.0,1.0,1.0,0.01,0.077647716,0.01,0.01,0.01,0.01,0.01,0.40554842,0.15422955,0.03531674,0.01,0.024922093,0.014092108,0.48745745,-0.270062926883281,-0.7347412753276771
2.26,-635420992.0,0.0323179408194561,-0.0922990292310714,-0.1453040987253189,0.0317125841975212,-0.1222186509124443,-2053550374912.0,0.01,0.01,0.01,0.01,0.01,0.01,0.01,1.0,1.0,1.0,1.0,1.0,1.0,1.0,0.01,0.03231794,0.01,0.01,0.031712584,0.01,0.01,0.40554842,0.1408029,0.03264765,0.01,0.029344017,0.013683488,0.48745745,-0.2757450752323198,-0.4580240619761567
2.27,-635420992.0,-0.0270818248939516,-0.0803991556167602,-0.13044074177742,-0.0114199426025152,-0.0664299498019274,-2053550374912.0,0.01,0.01,0.01,0.01,0.01,0.01,0.01,1.0,1.0,1.0,1.0,1.0,1.0,1.0,0.01,0.01,0.01,0.01,0.01,0.01,0.01,0.40554842,0.12412276,0.030267304,0.01,0.028475285,0.013314875,0.48745745,-0.2786539992032344,-0.1923097404978684
2.28,-635420992.0,-0.0974923437328343,-0.0625565201044082,-0.1141007170081138,-0.0039725471287965,-0.0029653458712497,-2053550374912.0,0.01,0.01,0.01,0.01,0.01,0.01,0.01,1.0,1.0,1.0,1.0,1.0,1.0,1.0,0.01,0.01,0.01,0.01,0.01,0.01,0.01,0.40554842,0.109553814,0.0281629,0.01,0.026565557,0.012985347,0.48745745,-0.2792337472107046,0.0348270259230122
2.29,-635420992.0,-0.1381429880857467,-0.0441036224365234,-0.0997839942574501,-0.0050537139177322,0.0682076394416164,-2053550374912.0,0.01,0.01,0.01,0.01,0.01,0.01,0.01,1.0,1.0,1.0,1.0,1.0,1.0,1.0,0.01,0.01,0.01,0.01,0.01,0.06820764,0.01,0.40554842,0.09722996,0.026289597,0.01,0.02486386,0.03995285,0.48745745,-0.2779262207948297,0.2003397537044653
2.3000000000000003,-635420992.0,-0.1286366879940033,-0.0280163791030645,-0.0868929922580719,-0.0142841693013906,-0.0398524017380392,-2053550374912.0,0.01,0.01,0.01,0.01,0.01,0.01,0.01,1.0,1.0,1.0,1.0,1.0,1.0,1.0,0.01,0.01,0.01,0.01,0.01,0.01,0.01,0.40554842,0.08670026,0.024617452,0.01,0.023343565,0.03975957,0.48745745,-0.27494633743497,0.3818917450029018
2.31,-635420992.0,-0.1189602464437484,-0.013058896176517,-0.0778790339827537,-0.0258809737861156,0.0053567620972858,-2053550374912.0,0.01,0.01,0.01,0.01,0.01,0.01,0.01,1.0,1.0,1.0,1.0,1.0,1.0,1.0,0.01,0.01,0.01,0.01,0.01,0.01,0.01,0.40554842,0.07756642,0.023113444,0.01,0.021975124,0.036660243,0.48745745,-0.2699252416071377,0.5748885350671805
2.3200000000000003,-635420992.0,-0.1086519956588745,0.0170309785753488,-0.0620976611971855,-0.0388583168387413,-0.0028119967516406,-2053550374912.0,0.01,0.01,0.01,0.01,0.01,0.01,0.01,1.0,1.0,1.0,1.0,1.0,1.0,1.0,0.01,0.01,0.017030979,0.01,0.01,0.01,0.01,0.40554842,0.069670975,0.022315968,0.01,0.020750346,0.03411788,0.48745745,-0.2630970757947351,0.7442681576360688
2.33,-635420992.0,-0.1018711328506469,0.0498198866844177,-0.0399410836398601,-0.0580797791481018,-0.0411357760862626,-2053550374912.0,0.01,0.01,0.01,0.01,0.01,0.01,0.01,1.0,1.0,1.0,1.0,1.0,1.0,1.0,0.01,0.01,0.049819887,0.01,0.01,0.01,0.01,0.40554842,0.06288312,0.041317787,0.01,0.019662414,0.03159366,0.48745745,-0.2548742655753916,0.873292662295328
2.34,-635420992.0,-0.0999207571148872,-0.0189975798130035,-0.0219234898686409,-0.0803751051425933,-0.0846093808911441,-2053550374912.0,0.01,0.01,0.01,0.01,0.01,0.01,0.01,1.0,1.0,1.0,1.0,1.0,1.0,1.0,0.01,0.01,0.01,0.01,0.01,0.01,0.01,0.40554842,0.056951083,0.03977668,0.01,0.018686306,0.029345248,0.48745745,-0.245921700293452,0.8953267063262617
2.35,-635420992.0,-0.1013829112052917,0.020185150206089,-0.0131217017769813,-0.1000537946820259,-0.120988232637546,-2053550374912.0,0.01,0.01,0.01,0.01,0.01,0.01,0.01,1.0,1.0,1.0,1.0,1.0,1.0,1.0,0.01,0.01,0.02018515,0.01,0.01,0.01,0.01,0.40554842,0.051751997,0.03754012,0.01,0.0178105,0.027340984,0.48745745,-0.2372517535534478,0.841251714746349
2.36,-635420992.0,-0.0742369149376439,0.0765349268913269,-0.0128351785242557,-0.1123653501272201,-0.1425534463049702,-2053550374912.0,0.01,0.01,0.01,0.01,0.01,0.01,0.01,1.0,1.0,1.0,1.0,1.0,1.0,1.0,0.01,0.01,0.07653493,0.01,0.01,0.01,0.01,0.40554842,0.047191937,0.06417153,0.01,0.017025894,0.025556058,0.48745745,-0.2292451272129725,0.7581417344100247
2.37,-635420992.0,-0.0111222660072277,0.0135608492419123,-0.001732587814331,-0.117818459868431,-0.1821725556218972,-2053550374912.0,0.01,0.01,0.01,0.01,0.01,0.01,0.01,1.0,1.0,1.0,1.0,1.0,1.0,1.0,0.01,0.01,0.013560849,0.01,0.01,0.01,0.01,0.40554842,0.043167222,0.06141781,0.01,0.016320612,0.023959855,0.48745745,-0.222521081035519,0.5966980970751683
2.38,-635420992.0,0.0517133732852488,0.0432328470051288,-0.0254365988075733,-0.1161284372210502,-0.2423417338731393,-2053550374912.0,0.01,0.01,0.01,0.01,0.01,0.01,0.01,1.0,1.0,1.0,1.0,1.0,1.0,1.0,0.01,0.051713374,0.043232847,0.01,0.01,0.01,0.01,0.40554842,0.044446867,0.058847845,0.01,0.015686834,0.022532163,0.48745745,-0.2176520717085609,0.409194645951182
2.39,-635420992.0,0.0947298679314821,0.0649180263280868,-0.0321229137480258,-0.1080494746565818,-0.3126885709451201,-2053550374912.0,0.01,0.01,0.01,0.01,0.01,0.01,0.01,1.0,1.0,1.0,1.0,1.0,1.0,1.0,0.01,0.09472987,0.06491803,0.01,0.01,0.01,0.01,0.40554842,0.06741066,0.06247412,0.01,0.015118327,0.021256959,0.48745745,-0.2144755991956017,0.24959198139049
2.4,-635420992.0,0.1318207776259317,0.0542123094201087,-0.0396689735352993,-0.0978999286890029,-0.3891468306650674,-2053550374912.0,0.01,0.01,0.01,0.01,0.01,0.01,0.01,1.0,1.0,1.0,1.0,1.0,1.0,1.0,0.01,0.13182078,0.05421231,0.01,0.01,0.01,0.01,0.40554842,0.09886844,0.0623028,0.01,0.014606938,0.020114155,0.48745745,-0.2129364513638784,0.0752529802456744
2.41,-635420992.0,0.1713816015083826,0.0515258833765983,-0.0475779846310615,-0.0864951089024543,-0.3846937716007232,-2053550374912.0,0.01,0.01,0.01,0.01,0.01,0.01,0.01,1.0,1.0,1.0,1.0,1.0,1.0,1.0,0.01,0.17138161,0.051525883,0.01,0.01,0.01,0.01,0.40554842,0.13530146,0.061136547,0.01,0.014147545,0.019091045,0.48745745,-0.2134318268333378,-0.1551144502904037
