time,SUP,ECRL,ECRB,ECU,FCR,FCU,PQ,SUP_min,ECRL_min,ECRB_min,ECU_min,FCR_min,FCU_min,PQ_min,SUP_max,ECRL_max,ECRB_max,ECU_max,FCR_max,FCU_max,PQ_max,SUP_exc,ECRL_exc,ECRB_exc,ECU_exc,FCR_exc,FCU_exc,PQ_exc,SUP_act,ECRL_act,ECRB_act,ECU_act,FCR_act,FCU_act,PQ_act,wrist_hand_r3_pos,wrist_hand_r3_vel
0.01,-666769088.0,-0.1128046512603759,-0.0081236977130174,-0.0712616220116615,-0.027169469743967,0.0327242701765181,-2281752494080.0,0.01,0.01,0.01,0.01,0.01,0.01,0.01,1.0,1.0,1.0,1.0,1.0,1.0,1.0,0.01,0.01,0.01,0.01,0.01,0.03272427,0.01,0.3655707,0.097154856,0.0281019,0.010014714,0.03359495,0.020772317,0.38272995,-0.2473156320350462,0.5381971671421248
0.02,-666769088.0,-0.0943019539117813,0.0200556442141532,-0.0555907934904098,-0.039712056517601,-0.010704000919514,-2281752494080.0,0.01,0.01,0.01,0.01,0.01,0.01,0.01,1.0,1.0,1.0,1.0,1.0,1.0,1.0,0.01,0.01,0.020055644,0.01,0.01,0.01,0.01,0.3655707,0.08662532,0.027140437,0.010013266,0.031126399,0.021608869,0.38272995,-0.2419995871987435,0.5291381474950805
0.03,-666769088.0,-0.088795006275177,0.0413306057453155,-0.0509827733039855,-0.0491513758897781,0.0040686593601607,-2281752494080.0,0.01,0.01,0.01,0.01,0.01,0.01,0.01,1.0,1.0,1.0,1.0,1.0,1.0,1.0,0.01,0.01,0.041330606,0.01,0.01,0.01,0.01,0.3655707,0.07754055,0.036500383,0.010011956,0.028923828,0.02052728,0.38272995,-0.2365690623943732,0.5547272102680009
0.04,-666769088.0,-0.0922573506832122,0.0047917896881699,-0.0370166338980197,-0.0603923723101615,-0.0194053343545848,-2281752494080.0,0.01,0.01,0.01,0.01,0.01,0.01,0.01,1.0,1.0,1.0,1.0,1.0,1.0,1.0,0.01,0.01,0.01,0.01,0.01,0.01,0.01,0.3655707,0.06964857,0.035685506,0.0100107705,0.026953502,0.01945463,0.38272995,-0.2309093757320027,0.5688663856692001
0.05,-666769088.0,-0.0981326252222061,0.0293364729732275,-0.0393465496599674,-0.0712092518806457,-0.0621075118299201,-2281752494080.0,0.01,0.01,0.01,0.01,0.01,0.01,0.01,1.0,1.0,1.0,1.0,1.0,1.0,1.0,0.01,0.01,0.029336473,0.01,0.01,0.01,0.01,0.3655707,0.06280091,0.034520365,0.010009703,0.025197167,0.018493969,0.38272995,-0.2252070528126837,0.5721400883060791
0.06,-666769088.0,-0.1047475859522819,0.0538735128939151,-0.0352137871086597,-0.080275185406208,-0.1031325206978933,-2281752494080.0,0.01,0.01,0.01,0.01,0.01,0.01,0.01,1.0,1.0,1.0,1.0,1.0,1.0,1.0,0.01,0.01,0.053873513,0.01,0.01,0.01,0.01,0.3655707,0.056878842,0.047368046,0.010008748,0.023639943,0.017638445,0.38272995,-0.2194036465342133,0.5849394179798929
0.07,-666769088.0,-0.1105462238192558,0.0189576093107461,-0.0299227684736251,-0.0881791040301323,-0.1324427698330282,-2281752494080.0,0.01,0.01,0.01,0.01,0.01,0.01,0.01,1.0,1.0,1.0,1.0,1.0,1.0,1.0,0.01,0.01,0.01895761,0.01,0.01,0.01,0.01,0.3655707,0.051680125,0.046216387,0.010007884,0.022245089,0.01686934,0.38272995,-0.2136429680305226,0.5635153261076419
0.08,-666769088.0,-0.0938680205247025,0.0432194657623767,-0.0271672569215297,-0.094644695520401,-0.1465448478891951,-2281752494080.0,0.01,0.01,0.01,0.01,0.01,0.01,0.01,1.0,1.0,1.0,1.0,1.0,1.0,1.0,0.01,0.01,0.043219466,0.01,0.01,0.01,0.01,0.3655707,0.04710232,0.045394763,0.010007105,0.020994589,0.016177576,0.38272995,-0.2082636830180562,0.5212499066077002
0.09,-666769088.0,-0.02832813455338,0.0622325539588928,-0.0269846878945827,-0.098612368106842,-0.1765393711934619,-2281752494080.0,0.01,0.01,0.01,0.01,0.01,0.01,0.01,1.0,1.0,1.0,1.0,1.0,1.0,1.0,0.01,0.01,0.062232554,0.01,0.01,0.01,0.01,0.3655707,0.043087274,0.05629437,0.0100064045,0.019879296,0.015558705,0.38272995,-0.2032401434028434,0.4880688811891366
0.1,-666769088.0,0.0380280849974844,0.039568867534399,-0.0271989852190017,-0.1010655686259269,-0.2382292460451775,-2281752494080.0,0.01,0.01,0.01,0.01,0.01,0.01,0.01,1.0,1.0,1.0,1.0,1.0,1.0,1.0,0.01,0.038028084,0.039568868,0.01,0.01,0.01,0.01,0.3655707,0.040304195,0.056415264,0.01000577,0.018874371,0.014999659,0.38272995,-0.1986560095166572,0.4375819353253821
0.1100000000000001,-666769088.0,0.1084579179497116,0.0549722835421562,-0.0283241998404264,-0.1019762605428695,-0.3190679785763634,-2281752494080.0,0.01,0.01,0.01,0.01,0.01,0.01,0.01,1.0,1.0,1.0,1.0,1.0,1.0,1.0,0.01,0.108457915,0.054972284,0.01,0.01,0.01,0.01,0.3655707,0.074055165,0.0560772,0.010005203,0.01798138,0.014501597,0.38272995,-0.1946561787285733,0.361985688588688
0.1200000000000001,-666769088.0,0.1226928650591345,0.0648981854319572,-0.0301969740539789,-0.1013945788145065,-0.4088568985462188,-2281752494080.0,0.01,0.01,0.01,0.01,0.01,0.01,0.01,1.0,1.0,1.0,1.0,1.0,1.0,1.0,0.01,0.12269287,0.064898185,0.01,0.01,0.01,0.01,0.3655707,0.09455552,0.061898347,0.010004692,0.017180372,0.014053884,0.38272995,-0.1918027029736348,0.2059050041028829
0.1299999999999999,-666769088.0,0.1959482378119672,0.0535344257950782,-0.0349680818617343,-0.0971892029047012,-0.4034164547920227,-2281752494080.0,0.01,0.01,0.01,0.01,0.01,0.01,0.01,1.0,1.0,1.0,1.0,1.0,1.0,1.0,0.01,0.19594824,0.053534426,0.01,0.01,0.01,0.01,0.3655707,0.14839706,0.061296582,0.01000423,0.016460823,0.013650938,0.38272995,-0.1910914973175992,-0.0582444483955609
0.1399999999999999,-666769088.0,0.1792047568961933,0.051534254103899,-0.043953251093626,-0.0866153016686439,-0.3914057314395904,-2281752494080.0,0.01,0.01,0.01,0.01,0.01,0.01,0.01,1.0,1.0,1.0,1.0,1.0,1.0,1.0,0.01,0.17920476,0.051534254,0.01,0.01,0.01,0.01,0.3655707,0.16782942,0.060225587,0.010003814,0.015813895,0.013288044,0.38272995,-0.1937448566795899,-0.4414253206474201
0.1499999999999999,-666769088.0,0.1908100708396129,0.038390077650547,-0.0565547384321689,-0.0710686892271041,-0.3740128874778747,-2281752494080.0,0.01,0.01,0.01,0.01,0.01,0.01,0.01,1.0,1.0,1.0,1.0,1.0,1.0,1.0,0.01,0.19081007,0.038390078,0.01,0.01,0.01,0.01,0.3655707,0.18563993,0.057994347,0.010003438,0.015232352,0.012961325,0.38272995,-0.2004128731601188,-0.8302289322514719
0.1599999999999999,-666769088.0,0.1622505356880716,0.0155255198478698,-0.0836710408329963,-0.0413532964885234,-0.3447208404541015,-2281752494080.0,0.01,0.01,0.01,0.01,0.01,0.01,0.01,1.0,1.0,1.0,1.0,1.0,1.0,1.0,0.01,0.16225053,0.01552552,0.01,0.01,0.01,0.01,0.3655707,0.18502069,0.053644836,0.010003099,0.0147097735,0.012667324,0.38272995,-0.2104499029808726,-1.1179034569837143
0.1699999999999999,-666769088.0,0.1348934286832293,-0.0151331070810556,-0.1148291677236557,0.0214545577764511,-0.2808186113834381,-2281752494080.0,0.01,0.01,0.01,0.01,0.01,0.01,0.01,1.0,1.0,1.0,1.0,1.0,1.0,1.0,0.01,0.13489343,0.01,0.01,0.021454558,0.01,0.01,0.3655707,0.17980148,0.048939798,0.010002794,0.019338908,0.012402755,0.38272995,-0.2226416233340622,-1.2730624394708154
0.1799999999999999,-666769088.0,0.1059599613974263,-0.046530608087778,-0.1390695124864578,-0.0210701748728752,-0.2477956414222717,-2281752494080.0,0.01,0.01,0.01,0.01,0.01,0.01,0.01,1.0,1.0,1.0,1.0,1.0,1.0,1.0,0.01,0.10595996,0.01,0.01,0.01,0.01,0.01,0.3655707,0.1707872,0.04471185,0.010002519,0.01881547,0.01216463,0.38272995,-0.2353579228742206,-1.2480401054057229
0.1899999999999999,-666769088.0,0.0892222502010072,-0.0730574578046798,-0.1401074826717376,0.0603824853897094,-0.2429118156433105,-2281752494080.0,0.01,0.01,0.01,0.01,0.01,0.01,0.01,1.0,1.0,1.0,1.0,1.0,1.0,1.0,0.01,0.08922225,0.01,0.01,0.060382485,0.01,0.01,0.3655707,0.1600388,0.040985037,0.010002271,0.047988176,0.011950451,0.38272995,-0.2470400043763617,-1.0712576047010782
0.1999999999999999,-666769088.0,0.0743157053442327,-0.0883418172597885,-0.1450624018907547,-0.0744526609778404,-0.1813354355791506,-2281752494080.0,0.01,0.01,0.01,0.01,0.01,0.01,0.01,1.0,1.0,1.0,1.0,1.0,1.0,1.0,0.01,0.074315704,0.01,0.01,0.01,0.01,0.01,0.3655707,0.14936428,0.037688185,0.010002048,0.045771405,0.011757584,0.38272995,-0.2556454249141726,-0.6603267601589747
0.2099999999999999,-666769088.0,0.028718043449416,-0.0855052322149276,-0.1382608264684677,-0.0302753336727619,-0.1352473733080224,-2281752494080.0,0.01,0.01,0.01,0.01,0.01,0.01,0.01,1.0,1.0,1.0,1.0,1.0,1.0,1.0,0.01,0.028718043,0.01,0.01,0.01,0.01,0.01,0.3655707,0.13608257,0.034759786,0.010001846,0.041913386,0.011583572,0.38272995,-0.2593919473363791,-0.1605083557137943
0.2199999999999999,-666769088.0,-0.029231904735812,-0.0634609386324882,-0.1148546785116195,-0.0116569530218839,-0.088670631558972,-2281752494080.0,0.01,0.01,0.01,0.01,0.01,0.01,0.01,1.0,1.0,1.0,1.0,1.0,1.0,1.0,0.01,0.01,0.01,0.01,0.01,0.01,0.01,0.3655707,0.119981654,0.03216598,0.010001664,0.038511492,0.011427188,0.38272995,-0.2586112780205666,0.2504820380608592
0.2299999999999999,-666769088.0,-0.1025989873027667,-0.0335565991699695,-0.0898780524730682,-0.0128628630191087,-0.0238766641966946,-2281752494080.0,0.01,0.01,0.01,0.01,0.01,0.01,0.01,1.0,1.0,1.0,1.0,1.0,1.0,1.0,0.01,0.01,0.01,0.01,0.01,0.01,0.01,0.3655707,0.10610718,0.029859742,0.010001501,0.035498522,0.011286362,0.38272995,-0.2547025782108119,0.4771272427224166
0.24,-666769088.0,-0.1139902845025062,-0.0088526811450719,-0.072168044745922,-0.0258591845631599,0.0503344573596256,-2281752494080.0,0.01,0.01,0.01,0.01,0.01,0.01,0.01,1.0,1.0,1.0,1.0,1.0,1.0,1.0,0.01,0.01,0.01,0.01,0.01,0.050334457,0.01,0.3655707,0.09431241,0.02780526,0.010001353,0.03282369,0.028428877,0.38272995,-0.2495375541238618,0.5300725795883855
0.25,-666769088.0,-0.0967663675546646,0.0187720153480768,-0.0569313950836658,-0.0384990274906158,-0.0617572677097019,-2281752494080.0,0.01,0.01,0.01,0.01,0.01,0.01,0.01,1.0,1.0,1.0,1.0,1.0,1.0,1.0,0.01,0.01,0.018772015,0.01,0.01,0.01,0.01,0.3655707,0.0841782,0.026768383,0.01000122,0.030438876,0.029671459,0.38272995,-0.2441139098220311,0.5584701290357486
0.26,-666769088.0,-0.0910884290933609,0.0420164577662944,-0.0481799803674221,-0.0484734252095222,-0.0279650051479982,-2281752494080.0,0.01,0.01,0.01,0.01,0.01,0.01,0.01,1.0,1.0,1.0,1.0,1.0,1.0,1.0,0.01,0.01,0.042016458,0.01,0.01,0.01,0.01,0.3655707,0.075439416,0.03685704,0.0100011,0.02831353,0.02762985,0.38272995,-0.2381235448399869,0.6319002073908733
0.27,-666769088.0,-0.092520385980606,0.0041127083823084,-0.0340136066079139,-0.0618998929858207,-0.0436882018492941,-2281752494080.0,0.01,0.01,0.01,0.01,0.01,0.01,0.01,1.0,1.0,1.0,1.0,1.0,1.0,1.0,0.01,0.01,0.01,0.01,0.01,0.01,0.01,0.3655707,0.06786242,0.03597656,0.010000991,0.02641666,0.02580695,0.38272995,-0.2314650229985828,0.6811883320723406
0.28,-666769088.0,-0.0959355309605598,0.0340274013578891,-0.035340491682291,-0.0760462209582328,-0.0823084731237233,-2281752494080.0,0.01,0.01,0.01,0.01,0.01,0.01,0.01,1.0,1.0,1.0,1.0,1.0,1.0,1.0,0.01,0.01,0.0340274,0.01,0.01,0.01,0.01,0.3655707,0.061269283,0.03534631,0.010000893,0.024723096,0.024178818,0.38272995,-0.2245483398726653,0.6972952018114531
0.29,-666769088.0,-0.1007703021168708,0.0626073479652404,-0.0263835787773132,-0.0884300023317337,-0.1191600043949421,-2281752494080.0,0.01,0.01,0.01,0.01,0.01,0.01,0.01,1.0,1.0,1.0,1.0,1.0,1.0,1.0,0.01,0.01,0.06260735,0.01,0.01,0.01,0.01,0.3655707,0.05554243,0.053863384,0.010000805,0.023217015,0.02273042,0.38272995,-0.2175340106947731,0.6980669745771306
0.3,-666769088.0,-0.1059975549578666,0.0186610892415046,-0.0209105797111988,-0.0986146330833435,-0.1441306988738535,-2281752494080.0,0.01,0.01,0.01,0.01,0.01,0.01,0.01,1.0,1.0,1.0,1.0,1.0,1.0,1.0,0.01,0.01,0.01866109,0.01,0.01,0.01,0.01,0.3655707,0.050513595,0.052245878,0.010000725,0.021868257,0.021432934,0.38272995,-0.210866401271897,0.6333560307765136
0.31,-666769088.0,-0.0629958749655218,0.0469339340925216,-0.0199660025537014,-0.105259284377098,-0.1577164773766184,-2281752494080.0,0.01,0.01,0.01,0.01,0.01,0.01,0.01,1.0,1.0,1.0,1.0,1.0,1.0,1.0,0.01,0.01,0.046933934,0.01,0.01,0.01,0.01,0.3655707,0.0460788,0.051132858,0.010000654,0.020658037,0.020268414,0.38272995,-0.2051318594891792,0.5329898474758376
0.32,-666769088.0,2.63950059274376e-05,0.0692544654011726,-0.0231813974678516,-0.1068333238363266,-0.199585733466398,-2281752494080.0,0.01,0.01,0.01,0.01,0.01,0.01,0.01,1.0,1.0,1.0,1.0,1.0,1.0,1.0,0.01,0.01,0.069254465,0.01,0.01,0.01,0.01,0.3655707,0.042185422,0.06278293,0.010000589,0.019578163,0.01922906,0.38272995,-0.2002941165805093,0.448065661089667
0.33,-666769088.0,0.0684292276616344,0.0466840229928493,-0.0265112482011318,-0.1055805012583732,-0.2668108444799034,-2281752494080.0,0.01,0.01,0.01,0.01,0.01,0.01,0.01,1.0,1.0,1.0,1.0,1.0,1.0,1.0,0.01,0.068429224,0.046684023,0.01,0.01,0.01,0.01,0.3655707,0.051584557,0.06305356,0.010000532,0.018608652,0.018295733,0.38272995,-0.1963235075332987,0.3587959857789181
0.3400000000000001,-666769088.0,0.1092282681406642,0.0587484017014503,-0.0302521828562021,-0.102526307106018,-0.3498289522884836,-2281752494080.0,0.01,0.01,0.01,0.01,0.01,0.01,0.01,1.0,1.0,1.0,1.0,1.0,1.0,1.0,0.01,0.10922827,0.0587484,0.01,0.01,0.01,0.01,0.3655707,0.07878505,0.062272042,0.010000479,0.017740555,0.017459871,0.38272995,-0.1933793935682457,0.2394834572474373
0.3500000000000001,-666769088.0,0.1600295254644085,0.0650939717888832,-0.0349404066801071,-0.097608208656311,-0.4012227058410644,-2281752494080.0,0.01,0.01,0.01,0.01,0.01,0.01,0.01,1.0,1.0,1.0,1.0,1.0,1.0,1.0,0.01,0.16002953,0.06509397,0.01,0.01,0.01,0.01,0.3655707,0.11833502,0.06404402,0.010000432,0.016963262,0.016711308,0.38272995,-0.1919320033872204,0.0549744937441812
0.3600000000000001,-666769088.0,0.1820299462772738,0.0576754957437515,-0.0416766479611396,-0.0894910991191864,-0.3925715982913971,-2281752494080.0,0.01,0.01,0.01,0.01,0.01,0.01,0.01,1.0,1.0,1.0,1.0,1.0,1.0,1.0,0.01,0.18202995,0.057675496,0.01,0.01,0.01,0.01,0.3655707,0.15267912,0.0635512,0.010000389,0.016264858,0.016038615,0.38272995,-0.1929023370640603,-0.230465736078837
0.3700000000000001,-666769088.0,0.1881386906216459,0.0479687601327896,-0.0515587627887725,-0.075979508459568,-0.378402441740036,-2281752494080.0,0.01,0.01,0.01,0.01,0.01,0.01,0.01,1.0,1.0,1.0,1.0,1.0,1.0,1.0,0.01,0.1881387,0.04796876,0.01,0.01,0.01,0.01,0.3655707,0.17619368,0.06192818,0.010000351,0.015637502,0.0154342735,0.38272995,-0.19718800623128,-0.5849271665184338
0.3799999999999999,-666769088.0,0.1754693844100641,0.031859140843153,-0.0684117376804351,-0.0596347041428089,-0.3624168336391449,-2281752494080.0,0.01,0.01,0.01,0.01,0.01,0.01,0.01,1.0,1.0,1.0,1.0,1.0,1.0,1.0,0.01,0.17546938,0.03185914,0.01,0.01,0.01,0.01,0.3655707,0.18405727,0.058836564,0.010000316,0.015073777,0.014891159,0.38272995,-0.2049412827928315,-0.9079250196954376
0.3899999999999999,-666769088.0,0.1521047687907661,0.0053124958649277,-0.0962027087807655,-0.0183226242661476,-0.3209776282310486,-2281752494080.0,0.01,0.01,0.01,0.01,0.01,0.01,0.01,1.0,1.0,1.0,1.0,1.0,1.0,1.0,0.01,0.15210477,0.01,0.01,0.01,0.01,0.01,0.3655707,0.18159635,0.05375004,0.010000286,0.014567281,0.014403127,0.38272995,-0.215363546073956,-1.1299536965678154
0.3999999999999999,-666769088.0,0.123609224885011,-0.0229567065834999,-0.1226538866758346,0.0342229977250099,-0.265916496515274,-2281752494080.0,0.01,0.01,0.01,0.01,0.01,0.01,0.01,1.0,1.0,1.0,1.0,1.0,1.0,1.0,0.01,0.12360922,0.01,0.01,0.034222998,0.01,0.01,0.3655707,0.17509697,0.048948523,0.010000257,0.028114587,0.013964658,0.38272995,-0.2273636663301868,-1.2253119785763598
0.4099999999999999,-666769088.0,0.0992938130321705,-0.0515022315084934,-0.1409779638051986,-0.0571663454174995,-0.2461625635623932,-2281752494080.0,0.01,0.01,0.01,0.01,0.01,0.01,0.01,1.0,1.0,1.0,1.0,1.0,1.0,1.0,0.01,0.09929381,0.01,0.01,0.01,0.01,0.01,0.3655707,0.16556323,0.044724334,0.010000232,0.027222905,0.0135705,0.38272995,-0.2390578353985156,-1.0899053327884438
0.4199999999999999,-666769088.0,0.0895408782731124,-0.0720775499939918,-0.1382920742034912,-0.0109784230589866,-0.2155104672438282,-2281752494080.0,0.01,0.01,0.01,0.01,0.01,0.01,0.01,1.0,1.0,1.0,1.0,1.0,1.0,1.0,0.01,0.08954088,0.01,0.01,0.01,0.01,0.01,0.3655707,0.15545154,0.040981058,0.010000209,0.025444815,0.0132146785,0.38272995,-0.2483335046106385,-0.8066408712122638
0.4299999999999999,-666769088.0,0.0582213141191545,-0.0765894204378128,-0.1338447779417038,0.0415936633944511,-0.1630694000348561,-2281752494080.0,0.01,0.01,0.01,0.01,0.01,0.01,0.01,1.0,1.0,1.0,1.0,1.0,1.0,1.0,0.01,0.058221314,0.01,0.01,0.041593663,0.01,0.01,0.3655707,0.14439526,0.037678894,0.010000189,0.036228284,0.012895253,0.38272995,-0.2547700074160305,-0.51702407632254
0.4399999999999999,-666769088.0,0.0009983704521728,-0.069002442061901,-0.125252366065979,-0.0327290371060371,-0.1058047762075022,-2281752494080.0,0.01,0.01,0.01,0.01,0.01,0.01,0.01,1.0,1.0,1.0,1.0,1.0,1.0,1.0,0.01,0.01,0.01,0.01,0.01,0.01,0.01,0.3655707,0.12951635,0.034744833,0.01000017,0.03522228,0.012607158,0.38272995,-0.2580784542572583,-0.199768314088563
0.4499999999999999,-666769088.0,-0.0685920357872307,-0.052414558827877,-0.1093576624989509,-0.0215847138315439,-0.0420023559464503,-2281752494080.0,0.01,0.01,0.01,0.01,0.01,0.01,0.01,1.0,1.0,1.0,1.0,1.0,1.0,1.0,0.01,0.01,0.01,0.01,0.01,0.01,0.01,0.3655707,0.114103064,0.032147218,0.010000153,0.032571428,0.0123485075,0.38272995,-0.2583817308633895,0.0885483369435691
0.4599999999999999,-666769088.0,-0.1340176612138748,-0.0316046401858329,-0.0922009199857711,-0.0179237090051174,0.0336164181905306,-2281752494080.0,0.01,0.01,0.01,0.01,0.01,0.01,0.01,1.0,1.0,1.0,1.0,1.0,1.0,1.0,0.01,0.01,0.01,0.01,0.01,0.03361642,0.01,0.3655707,0.10108739,0.02983868,0.010000138,0.030216191,0.02089634,0.38272995,-0.256307491785423,0.284689515295899
0.47,-666769088.0,-0.1210516914725303,-0.0134688504040241,-0.0772372707724571,-0.0250617861747741,0.022528514608666,-2281752494080.0,0.01,0.01,0.01,0.01,0.01,0.01,0.01,1.0,1.0,1.0,1.0,1.0,1.0,1.0,0.01,0.01,0.01,0.01,0.01,0.022528514,0.01,0.3655707,0.08997712,0.027780203,0.010000125,0.02811656,0.022252424,0.38272995,-0.2527161262553343,0.408717027946618
0.48,-666769088.0,-0.1086589843034744,0.0051810462027788,-0.0672503635287284,-0.0353309623897075,0.0319654816886201,-2281752494080.0,0.01,0.01,0.01,0.01,0.01,0.01,0.01,1.0,1.0,1.0,1.0,1.0,1.0,1.0,0.01,0.01,0.01,0.01,0.01,0.031965483,0.01,0.3655707,0.08043108,0.02594268,0.0100001125,0.026242683,0.029869106,0.38272995,-0.2480742625827728,0.5027796508897342
0.49,-666769088.0,-0.101930133998394,0.032347347587347,-0.0544960349798202,-0.0455376170575618,-0.0338864428181767,-2281752494080.0,0.01,0.01,0.01,0.01,0.01,0.01,0.01,1.0,1.0,1.0,1.0,1.0,1.0,1.0,0.01,0.01,0.032347348,0.01,0.01,0.01,0.01,0.3655707,0.07214866,0.030082792,0.010000101,0.024563046,0.028879171,0.38272995,-0.2423809997557494,0.6119050493469707
0.5,-666769088.0,-0.0997219383716583,0.0149030480533838,-0.0464386716485023,-0.0583635531365871,-0.0636647176652988,-2281752494080.0,0.01,0.01,0.01,0.01,0.01,0.01,0.01,1.0,1.0,1.0,1.0,1.0,1.0,1.0,0.01,0.01,0.014903048,0.01,0.01,0.01,0.01,0.3655707,0.064973615,0.029511482,0.010000091,0.023063581,0.026913717,0.38272995,-0.2356028482620345,0.7138798008248851
0.51,-666769088.0,-0.0999209135770797,0.0497825220227241,-0.0283382460474967,-0.0755434036254882,-0.1008101929652813,-2281752494080.0,0.01,0.01,0.01,0.01,0.01,0.01,0.01,1.0,1.0,1.0,1.0,1.0,1.0,1.0,0.01,0.01,0.049782522,0.01,0.01,0.01,0.01,0.3655707,0.058778767,0.043115254,0.010000082,0.021732481,0.025173377,0.38272995,-0.2280582727331597,0.7780958169444299
0.52,-666769088.0,-0.102062702178955,0.0118388952687382,-0.0299976505339145,-0.0917789712548255,-0.1331428489445819,-2281752494080.0,0.01,0.01,0.01,0.01,0.01,0.01,0.01,1.0,1.0,1.0,1.0,1.0,1.0,1.0,0.01,0.01,0.011838895,0.01,0.01,0.01,0.01,0.3655707,0.05335361,0.041530542,0.010000074,0.020540059,0.02361762,0.38272995,-0.2202725898677268,0.7669973562513004
0.53,-666769088.0,-0.0817221546357978,0.0497273989021778,-0.0185758173465728,-0.1050667762756347,-0.1520674601489912,-2281752494080.0,0.01,0.01,0.01,0.01,0.01,0.01,0.01,1.0,1.0,1.0,1.0,1.0,1.0,1.0,0.01,0.01,0.0497274,0.01,0.01,0.01,0.01,0.3655707,0.048592217,0.046705615,0.010000067,0.01947211,0.022226902,0.38272995,-0.2129191331194334,0.707774557476087
0.54,-666769088.0,-0.0134193773306121,0.0507206469774246,-0.0164776928722858,-0.1129780709743499,-0.1869620762368355,-2281752494080.0,0.01,0.01,0.01,0.01,0.01,0.01,0.01,1.0,1.0,1.0,1.0,1.0,1.0,1.0,0.01,0.01,0.050720647,0.01,0.01,0.01,0.01,0.3655707,0.044374034,0.049604844,0.01000006,0.018509628,0.020975552,0.38272995,-0.2063360758737777,0.626665184850418
0.55,-666769088.0,0.0543596429098894,0.0614357329905033,-0.018513798713684,-0.1157131791114807,-0.2506876757896799,-2281752494080.0,0.01,0.01,0.01,0.01,0.01,0.01,0.01,1.0,1.0,1.0,1.0,1.0,1.0,1.0,0.01,0.054359645,0.061435733,0.01,0.01,0.01,0.01,0.3655707,0.045967188,0.057132833,0.010000054,0.017648764,0.019858077,0.38272995,-0.2005919890438572,0.5405198893793994
0.56,-666769088.0,0.103439449257686,0.0523585900664329,-0.0213502123951911,-0.1150934100151062,-0.3317224524068348,-2281752494080.0,0.01,0.01,0.01,0.01,0.01,0.01,0.01,1.0,1.0,1.0,1.0,1.0,1.0,1.0,0.01,0.10343945,0.05235859,0.01,0.01,0.01,0.01,0.3655707,0.07290221,0.05745803,0.010000049,0.016880626,0.018862393,0.38272995,-0.1958099730313214,0.4182247888038933
0.5700000000000001,-666769088.0,0.1467443626710853,0.0658562034368515,-0.0252830348908901,-0.1119592264294624,-0.4135325849056244,-2281752494080.0,0.01,0.01,0.01,0.01,0.01,0.01,0.01,1.0,1.0,1.0,1.0,1.0,1.0,1.0,0.01,0.14674436,0.0658562,0.01,0.01,0.01,0.01,0.3655707,0.108506605,0.062843874,0.010000044,0.016191363,0.017970039,0.38272995,-0.1926715510680729,0.2133204546216972
0.5800000000000001,-666769088.0,0.1882589419533166,0.0561682656407356,-0.0327038243412971,-0.1040762290358543,-0.405444324016571,-2281752494080.0,0.01,0.01,0.01,0.01,0.01,0.01,0.01,1.0,1.0,1.0,1.0,1.0,1.0,1.0,0.01,0.18825895,0.056168266,0.01,0.01,0.01,0.01,0.3655707,0.14995167,0.06254603,0.01000004,0.0155718615,0.017168868,0.38272995,-0.1922258263293055,-0.1059535212874007
0.5900000000000001,-666769088.0,0.1923266631037304,0.0518390536308288,-0.044365145266056,-0.0890346243977546,-0.3904463350772857,-2281752494080.0,0.01,0.01,0.01,0.01,0.01,0.01,0.01,1.0,1.0,1.0,1.0,1.0,1.0,1.0,0.01,0.19232666,0.051839054,0.01,0.01,0.01,0.01,0.3655707,0.17600639,0.061396107,0.010000036,0.015015048,0.016449472,0.38272995,-0.1955396485760204,-0.5138565870787011
0.6000000000000001,-666769088.0,0.1869686730015073,0.036547515541315,-0.058460783213377,-0.0699502676725387,-0.3717433512210846,-2281752494080.0,0.01,0.01,0.01,0.01,0.01,0.01,0.01,1.0,1.0,1.0,1.0,1.0,1.0,1.0,0.01,0.18696867,0.036547516,0.01,0.01,0.01,0.01,0.3655707,0.18771395,0.05887173,0.010000032,0.014514453,0.015803276,0.38272995,-0.2029402203100028,-0.9002328780234936
0.6100000000000001,-666769088.0,0.1638422970482104,0.0108234779909253,-0.0889382809400558,-0.0354291349649429,-0.3376274108886719,-2281752494080.0,0.01,0.01,0.01,0.01,0.01,0.01,0.01,1.0,1.0,1.0,1.0,1.0,1.0,1.0,0.01,0.16384229,0.010823478,0.01,0.01,0.01,0.01,0.3655707,0.18638012,0.053904526,0.010000029,0.014064522,0.0152229415,0.38272995,-0.2135326453338377,-1.1616026563142008
0.6200000000000001,-666769088.0,0.1334026135214337,-0.0198310520499944,-0.1201979294419288,0.0300001204013824,-0.2690021693706512,-2281752494080.0,0.01,0.01,0.01,0.01,0.01,0.01,0.01,1.0,1.0,1.0,1.0,1.0,1.0,1.0,0.01,0.13340262,0.01,0.01,0.03000012,0.01,0.01,0.3655707,0.18071553,0.04909544,0.010000026,0.025046967,0.014701653,0.38272995,-0.2259596218684486,-1.2766364889564257
0.6299999999999999,-666769088.0,0.1045904735843136,-0.0510253347456455,-0.1422164440155029,-0.0523728840053081,-0.2411788403987884,-2281752494080.0,0.01,0.01,0.01,0.01,0.01,0.01,0.01,1.0,1.0,1.0,1.0,1.0,1.0,1.0,0.01,0.104590476,0.01,0.01,0.01,0.01,0.01,0.3655707,0.17127723,0.044852883,0.010000024,0.02432567,0.014233231,0.38272995,-0.2382892764893888,-1.1651293224297683
0.6399999999999999,-666769088.0,0.0904119472232853,-0.0745147615671157,-0.142211765050888,0.008528959006071,-0.2224778590802977,-2281752494080.0,0.01,0.01,0.01,0.01,0.01,0.01,0.01,1.0,1.0,1.0,1.0,1.0,1.0,1.0,0.01,0.090411946,0.01,0.01,0.01,0.01,0.01,0.3655707,0.16060154,0.041104145,0.010000021,0.022860961,0.013811558,0.38272995,-0.2485950040482811,-0.9223590837977804
0.6499999999999999,-666769088.0,0.0641288037556079,-0.0829897671937942,-0.1403568983078003,0.0540701672434806,-0.1624841996381485,-2281752494080.0,0.01,0.01,0.01,0.01,0.01,0.01,0.01,1.0,1.0,1.0,1.0,1.0,1.0,1.0,0.01,0.0641288,0.01,0.01,0.054070167,0.01,0.01,0.3655707,0.14919357,0.03779333,0.010000019,0.044467606,0.013432772,0.38272995,-0.2563790160352343,-0.6487956643519076
0.6599999999999999,-666769088.0,0.0083534742507043,-0.0790855661034584,-0.1338626146316528,-0.0539180785417556,-0.1043677747324989,-2281752494080.0,0.01,0.01,0.01,0.01,0.01,0.01,0.01,1.0,1.0,1.0,1.0,1.0,1.0,1.0,0.01,0.01,0.01,0.01,0.01,0.01,0.01,0.3655707,0.1336961,0.034854896,0.0100000175,0.0427421,0.013091588,0.38272995,-0.2608339616232156,-0.2780052626528591
0.6699999999999999,-666769088.0,-0.0595242950156444,-0.0636757016181945,-0.1176878958940506,-0.0310821514576673,-0.0435632795967915,-2281752494080.0,0.01,0.01,0.01,0.01,0.01,0.01,0.01,1.0,1.0,1.0,1.0,1.0,1.0,1.0,0.01,0.01,0.01,0.01,0.01,0.01,0.01,0.3655707,0.11761061,0.032244414,0.010000016,0.039236408,0.012784422,0.38272995,-0.2614177055948333,0.0997703233464274
0.6799999999999999,-666769088.0,-0.1360567957162857,-0.0395840927958488,-0.0965591371059417,-0.0238221921026706,0.0252592203445312,-2281752494080.0,0.01,0.01,0.01,0.01,0.01,0.01,0.01,1.0,1.0,1.0,1.0,1.0,1.0,1.0,0.01,0.01,0.01,0.01,0.01,0.025259221,0.01,0.3655707,0.10407621,0.02992686,0.010000014,0.03613766,0.017791918,0.38272995,-0.258762740670587,0.3778842677161113
0.69,-666769088.0,-0.1205752938985824,-0.0158731155097484,-0.0776753649115562,-0.028106365352869,0.04480411790894,-2281752494080.0,0.01,0.01,0.01,0.01,0.01,0.01,0.01,1.0,1.0,1.0,1.0,1.0,1.0,1.0,0.01,0.01,0.01,0.01,0.01,0.04480412,0.01,0.3655707,0.09256735,0.027863674,0.010000013,0.033389542,0.029396763,0.38272995,-0.2540455456096395,0.5320327972096905
0.7,-666769088.0,-0.1036591604351997,0.0075639579445123,-0.0638393610715866,-0.0378353074193,-0.0186589552232123,-2281752494080.0,0.01,0.01,0.01,0.01,0.01,0.01,0.01,1.0,1.0,1.0,1.0,1.0,1.0,1.0,0.01,0.01,0.01,0.01,0.01,0.01,0.01,0.3655707,0.082685165,0.026021006,0.010000012,0.03094335,0.030135542,0.38272995,-0.2481451453895198,0.6332975770800814
0.71,-666769088.0,-0.0934172049164772,0.0443721190094947,-0.0462133884429931,-0.0489350631833076,-0.0258789071430137,-2281752494080.0,0.01,0.01,0.01,0.01,0.01,0.01,0.01,1.0,1.0,1.0,1.0,1.0,1.0,1.0,0.01,0.01,0.04437212,0.01,0.01,0.01,0.01,0.3655707,0.07416653,0.038345754,0.01000001,0.028766217,0.028046604,0.38272995,-0.2412692054837208,0.7255844270689737
0.72,-666769088.0,-0.0911755040287971,0.0008363472297787,-0.0371684245765209,-0.0652930438518524,-0.0580440745442256,-2281752494080.0,0.01,0.01,0.01,0.01,0.01,0.01,0.01,1.0,1.0,1.0,1.0,1.0,1.0,1.0,0.01,0.01,0.01,0.01,0.01,0.01,0.01,0.3655707,0.066784434,0.03672343,0.010000009,0.02682595,0.02618411,0.38272995,-0.2337430152519763,0.7622906238521381
0.73,-666769088.0,-0.0936551392078399,0.0374777875840663,-0.0328544862568378,-0.0809700414538383,-0.0999681189655146,-2281752494080.0,0.01,0.01,0.01,0.01,0.01,0.01,0.01,1.0,1.0,1.0,1.0,1.0,1.0,1.0,0.01,0.01,0.037477788,0.01,0.01,0.01,0.01,0.3655707,0.060333267,0.03705668,0.010000008,0.025089124,0.024516264,0.38272995,-0.2261825465179393,0.7492451487709199
0.74,-666769088.0,-0.0991332903504371,0.0625183507800102,-0.0223387889564037,-0.0936224907636642,-0.1330583524090021,-2281752494080.0,0.01,0.01,0.01,0.01,0.01,0.01,0.01,1.0,1.0,1.0,1.0,1.0,1.0,1.0,0.01,0.01,0.06251835,0.01,0.01,0.01,0.01,0.3655707,0.05471942,0.05431959,0.010000007,0.023543326,0.023031317,0.38272995,-0.2188343657814231,0.7175226509981966
0.75,-666769088.0,-0.082262846064283,0.0227841883897781,-0.0188979879021644,-0.1027177423238754,-0.1514156813228221,-2281752494080.0,0.01,0.01,0.01,0.01,0.01,0.01,0.01,1.0,1.0,1.0,1.0,1.0,1.0,1.0,0.01,0.01,0.022784188,0.01,0.01,0.01,0.01,0.3655707,0.049788196,0.053048376,0.010000007,0.022159453,0.021701505,0.38272995,-0.212137436667495,0.6261056821589641
0.76,-666769088.0,-0.0140848049579657,0.0516689047217369,-0.0199923627078533,-0.1073335409164428,-0.1843358727615311,-2281752494080.0,0.01,0.01,0.01,0.01,0.01,0.01,0.01,1.0,1.0,1.0,1.0,1.0,1.0,1.0,0.01,0.01,0.051668905,0.01,0.01,0.01,0.01,0.3655707,0.045439128,0.05232577,0.010000006,0.020918312,0.02050852,0.38272995,-0.2065763439943069,0.5110617160267559
0.77,-666769088.0,0.0531513980958182,0.0702414214611053,-0.0245284922420978,-0.1067924201488494,-0.2454203594768424,-2281752494080.0,0.01,0.01,0.01,0.01,0.01,0.01,0.01,1.0,1.0,1.0,1.0,1.0,1.0,1.0,0.01,0.0531514,0.07024142,0.01,0.01,0.01,0.01,0.3655707,0.046555124,0.063820936,0.010000005,0.01981115,0.019444037,0.38272995,-0.2019829701714893,0.4229387794617718
0.78,-666769088.0,0.1062523327310595,0.046950127929449,-0.0284042432904243,-0.1040780842304229,-0.3243672674593328,-2281752494080.0,0.01,0.01,0.01,0.01,0.01,0.01,0.01,1.0,1.0,1.0,1.0,1.0,1.0,1.0,0.01,0.106252335,0.046950128,0.01,0.01,0.01,0.01,0.3655707,0.07468304,0.06330224,0.010000005,0.018820439,0.018491298,0.38272995,-0.1983287398501202,0.3109005567680173
0.79,-666769088.0,0.144515815487532,0.0587947443127632,-0.0326478779315948,-0.0999083071947097,-0.4040716290473938,-2281752494080.0,0.01,0.01,0.01,0.01,0.01,0.01,0.01,1.0,1.0,1.0,1.0,1.0,1.0,1.0,0.01,0.14451581,0.058794744,0.01,0.01,0.01,0.01,0.3655707,0.10794616,0.0626166,0.010000004,0.017932395,0.017637119,0.38272995,-0.1961675330484976,0.1261262576469324
0.8,-666769088.0,0.1875783913813121,0.0608515664935112,-0.0393566079437732,-0.0923247337341308,-0.3958107829093933,-2281752494080.0,0.01,0.01,0.01,0.01,0.01,0.01,0.01,1.0,1.0,1.0,1.0,1.0,1.0,1.0,0.01,0.1875784,0.060851566,0.01,0.01,0.01,0.01,0.3655707,0.14909106,0.06238648,0.010000004,0.017134707,0.016869714,0.38272995,-0.1963670843338729,-0.1469448898936512
0.81,-666769088.0,0.1886992339038157,0.0511366948485374,-0.0493413619697093,-0.0791491568088531,-0.382164716720581,-2281752494080.0,0.01,0.01,0.01,0.01,0.01,0.01,0.01,1.0,1.0,1.0,1.0,1.0,1.0,1.0,0.01,0.18869923,0.051136695,0.01,0.01,0.01,0.01,0.3655707,0.1737501,0.061266154,0.0100000035,0.016418723,0.016180797,0.38272995,-0.1997780307847391,-0.4991299604565039
0.8200000000000001,-666769088.0,0.1844638363693188,0.0349515154957771,-0.0628414526581764,-0.0640392825007438,-0.3668971657752991,-2281752494080.0,0.01,0.01,0.01,0.01,0.01,0.01,0.01,1.0,1.0,1.0,1.0,1.0,1.0,1.0,0.01,0.18446384,0.034951515,0.01,0.01,0.01,0.01,0.3655707,0.18538423,0.0586381,0.0100000035,0.015775258,0.015561569,0.38272995,-0.2067775820935277,-0.8393410582360152
0.8300000000000001,-666769088.0,0.1619211938947145,0.0112159829586744,-0.0902507454156875,-0.0303124338388443,-0.3336786925792694,-2281752494080.0,0.01,0.01,0.01,0.01,0.01,0.01,0.01,1.0,1.0,1.0,1.0,1.0,1.0,1.0,0.01,0.16192119,0.011215983,0.01,0.01,0.01,0.01,0.3655707,0.18424366,0.05374216,0.010000003,0.015197665,0.015005658,0.38272995,-0.2166239122373817,-1.0790523810358466
0.8400000000000001,-666769088.0,0.1332340655667693,-0.0170604772865772,-0.1176353991031646,0.0262655168771743,-0.2749485671520233,-2281752494080.0,0.01,0.01,0.01,0.01,0.01,0.01,0.01,1.0,1.0,1.0,1.0,1.0,1.0,1.0,0.01,0.13323407,0.01,0.01,0.026265517,0.01,0.01,0.3655707,0.1788626,0.048958346,0.010000003,0.022777567,0.014506212,0.38272995,-0.2282078363645269,-1.194941991612606
0.8500000000000001,-666769088.0,0.1060012805144903,-0.0459133237600326,-0.1375233083963394,-0.0392513871192932,-0.2482230365276336,-2281752494080.0,0.01,0.01,0.01,0.01,0.01,0.01,0.01,1.0,1.0,1.0,1.0,1.0,1.0,1.0,0.01,0.10600128,0.01,0.01,0.01,0.01,0.01,0.3655707,0.16989025,0.044730365,0.010000003,0.022101682,0.01405734,0.38272995,-0.2398679653707127,-1.1161574054071282
0.8600000000000001,-666769088.0,0.0922704013194766,-0.0685876309871673,-0.1392445266246795,0.0303168818354606,-0.2165809442954999,-2281752494080.0,0.01,0.01,0.01,0.01,0.01,0.01,0.01,1.0,1.0,1.0,1.0,1.0,1.0,1.0,0.01,0.092270404,0.01,0.01,0.030316882,0.01,0.01,0.3655707,0.15970457,0.040995646,0.010000003,0.027638394,0.013653351,0.38272995,-0.2499902231581165,-0.9189654026361372
0.8700000000000001,-666769088.0,0.0582738446265875,-0.0790098160505294,-0.1402388662099838,-0.0119582824409008,-0.1521867198959011,-2281752494080.0,0.01,0.01,0.01,0.01,0.01,0.01,0.01,1.0,1.0,1.0,1.0,1.0,1.0,1.0,0.01,0.058273844,0.01,0.01,0.01,0.01,0.01,0.3655707,0.14803128,0.037692394,0.010000002,0.026543656,0.013289973,0.38272995,-0.2576136985545806,-0.6345465579816038
0.8799999999999999,-666769088.0,-0.0012410687623277,-0.0763432905077934,-0.1333896517753601,0.0226671583950519,-0.0928423143949145,-2281752494080.0,0.01,0.01,0.01,0.01,0.01,0.01,0.01,1.0,1.0,1.0,1.0,1.0,1.0,1.0,0.01,0.01,0.01,0.01,0.022667158,0.01,0.01,0.3655707,0.13229686,0.034761522,0.010000002,0.025900759,0.012962727,0.38272995,-0.2623279506069347,-0.359052368073875
0.8899999999999999,-666769088.0,-0.0727133691342302,-0.063767522573471,-0.119427666068077,0.0108176544308662,-0.0267744861930017,-2281752494080.0,0.01,0.01,0.01,0.01,0.01,0.01,0.01,1.0,1.0,1.0,1.0,1.0,1.0,1.0,0.01,0.01,0.01,0.01,0.010817654,0.01,0.01,0.3655707,0.116436504,0.032161534,0.010000002,0.02454434,0.012668473,0.38272995,-0.2645928110099759,-0.1341715658741982
0.8999999999999999,-666769088.0,-0.1413579434156417,-0.0475039333105087,-0.1051692590117454,0.0023678205907344,0.0493760851124033,-2281752494080.0,0.01,0.01,0.01,0.01,0.01,0.01,0.01,1.0,1.0,1.0,1.0,1.0,1.0,1.0,0.01,0.01,0.01,0.01,0.01,0.049376085,0.01,0.3655707,0.10307799,0.029852789,0.010000002,0.023071097,0.028571442,0.38272995,-0.2649588063090133,0.0326513368865835
0.91,-666769088.0,-0.1345421969890594,-0.0312643200159072,-0.0927100181579589,-0.0091858096420764,0.0033085318435874,-2281752494080.0,0.01,0.01,0.01,0.01,0.01,0.01,0.01,1.0,1.0,1.0,1.0,1.0,1.0,1.0,0.01,0.01,0.01,0.01,0.01,0.01,0.01,0.3655707,0.09169506,0.027795026,0.010000002,0.021739293,0.029850079,0.38272995,-0.2637344162891532,0.196230647607581
0.92,-666769088.0,-0.1266302913427353,-0.0183637905865907,-0.0813277289271354,-0.0215605180710554,0.0338186700624174,-2281752494080.0,0.01,0.01,0.01,0.01,0.01,0.01,0.01,1.0,1.0,1.0,1.0,1.0,1.0,1.0,0.01,0.01,0.01,0.01,0.01,0.03381867,0.01,0.3655707,0.08185057,0.025947547,0.010000001,0.020539368,0.03360398,0.38272995,-0.2607017734600846,0.365969258180051
0.93,-666769088.0,-0.1174336075782775,-0.0021913219243288,-0.0723686665296554,-0.034636553376913,-0.0052243564677691,-2281752494080.0,0.01,0.01,0.01,0.01,0.01,0.01,0.01,1.0,1.0,1.0,1.0,1.0,1.0,1.0,0.01,0.01,0.01,0.01,0.01,0.01,0.01,0.3655707,0.073374845,0.024299677,0.010000001,0.019465452,0.031981543,0.38272995,-0.2560284999144992,0.5269124199267747
0.94,-666769088.0,-0.110433205962181,0.0258470475673675,-0.0584288239479064,-0.046744093298912,-0.0407824490468487,-2281752494080.0,0.01,0.01,0.01,0.01,0.01,0.01,0.01,1.0,1.0,1.0,1.0,1.0,1.0,1.0,0.01,0.01,0.025847048,0.01,0.01,0.01,0.01,0.3655707,0.06603807,0.02521424,0.010000001,0.018503664,0.029675074,0.38272995,-0.2498246005029,0.6743356130136242
0.95,-666769088.0,-0.1062672287225723,0.0319307632744312,-0.0401582159101963,-0.0655531212687492,-0.0818195452730944,-2281752494080.0,0.01,0.01,0.01,0.01,0.01,0.01,0.01,1.0,1.0,1.0,1.0,1.0,1.0,1.0,0.01,0.01,0.031930763,0.01,0.01,0.01,0.01,0.3655707,0.059672937,0.029680545,0.010000001,0.017643474,0.027626876,0.38272995,-0.2423296796341677,0.7922707311987272
0.96,-666769088.0,-0.1047200709581375,0.022022321820259,-0.0325225554406642,-0.0864432379603385,-0.1175474203311811,-2281752494080.0,0.01,0.01,0.01,0.01,0.01,0.01,0.01,1.0,1.0,1.0,1.0,1.0,1.0,1.0,0.01,0.01,0.022022322,0.01,0.01,0.01,0.01,0.3655707,0.054121267,0.029549908,0.010000001,0.016873006,0.02580382,0.38272995,-0.2339426707904836,0.8636312845903472
0.97,-666769088.0,-0.0618341395464158,0.0650894492864608,-0.0281190313398838,-0.1054605841636657,-0.1423598749690978,-2281752494080.0,0.01,0.01,0.01,0.01,0.01,0.01,0.01,1.0,1.0,1.0,1.0,1.0,1.0,1.0,0.01,0.01,0.06508945,0.01,0.01,0.01,0.01,0.3655707,0.049277756,0.053983692,0.010000001,0.016184501,0.024184018,0.38272995,-0.2251617157546252,0.877574619427789
0.98,-666769088.0,0.0110865253937705,0.0030474853701889,-0.0168997272849082,-0.11995230615139,-0.1957815774613789,-2281752494080.0,0.01,0.01,0.01,0.01,0.01,0.01,0.01,1.0,1.0,1.0,1.0,1.0,1.0,1.0,0.01,0.011086525,0.01,0.01,0.01,0.01,0.01,0.3655707,0.045052342,0.05145034,0.010000001,0.0155653795,0.022734495,0.38272995,-0.2168151797005487,0.7862796423764851
0.99,-666769088.0,0.0837802211457843,0.0408159047365188,-0.0123724825680255,-0.1271507740020752,-0.2728238051500205,-2281752494080.0,0.01,0.01,0.01,0.01,0.01,0.01,0.01,1.0,1.0,1.0,1.0,1.0,1.0,1.0,0.01,0.08378022,0.040815905,0.01,0.01,0.01,0.01,0.3655707,0.06031281,0.049823195,0.010000001,0.015009746,0.021439377,0.38272995,-0.2097918669064101,0.6286001142263451
1.0,-666769088.0,0.1090882869304324,0.0736247152090072,-0.0168512277305126,-0.1257477402687072,-0.3592350199366793,-2281752494080.0,0.01,0.01,0.01,0.01,0.01,0.01,0.01,1.0,1.0,1.0,1.0,1.0,1.0,1.0,0.01,0.10908829,0.073624715,0.01,0.01,0.01,0.01,0.3655707,0.08146419,0.06556911,0.010000001,0.014510819,0.020281041,0.38272995,-0.2046195755652969,0.4108988363080268
1.0099999999999998,-666769088.0,0.1768521086564997,0.0417360290884971,-0.0253648497164249,-0.1175011992454528,-0.4149129986763,-2281752494080.0,0.01,0.01,0.01,0.01,0.01,0.01,0.01,1.0,1.0,1.0,1.0,1.0,1.0,1.0,0.01,0.1768521,0.04173603,0.01,0.01,0.01,0.01,0.3655707,0.12901732,0.06426429,0.010000001,0.014061754,0.019242099,0.38272995,-0.2021763207071345,0.0913708007167112
1.02,-666769088.0,0.1879685134018637,0.050093300640583,-0.0380207821726799,-0.1018390357494354,-0.4007682502269745,-2281752494080.0,0.01,0.01,0.01,0.01,0.01,0.01,0.01,1.0,1.0,1.0,1.0,1.0,1.0,1.0,0.01,0.1879685,0.0500933,0.01,0.01,0.01,0.01,0.3655707,0.16042593,0.0625556,0.010000001,0.013657546,0.018309874,0.38272995,-0.2035577321078275,-0.3287511708485509
1.0299999999999998,-666769088.0,0.1981146147487103,0.0413760319352149,-0.0537545084953308,-0.0782612860202789,-0.3785985708236694,-2281752494080.0,0.01,0.01,0.01,0.01,0.01,0.01,0.01,1.0,1.0,1.0,1.0,1.0,1.0,1.0,0.01,0.19811462,0.041376032,0.01,0.01,0.01,0.01,0.3655707,0.18450509,0.060318355,0.010000001,0.013293725,0.017473174,0.38272995,-0.2093297402955716,-0.7606387190871045
1.04,-666769088.0,0.177998461018492,0.0218209903687238,-0.0768188536167144,-0.0538187846541404,-0.3554567098617553,-2281752494080.0,0.01,0.01,0.01,0.01,0.01,0.01,0.01,1.0,1.0,1.0,1.0,1.0,1.0,1.0,0.01,0.17799847,0.02182099,0.01,0.01,0.01,0.01,0.3655707,0.18987098,0.056291234,0.010000001,0.012966528,0.01672263,0.38272995,-0.2189268237930894,-1.0934491123837322
1.0499999999999998,-666769088.0,0.1512139269183773,-0.0110104773193597,-0.1106150150299072,0.0042238757014274,-0.2975988090038299,-2281752494080.0,0.01,0.01,0.01,0.01,0.01,0.01,0.01,1.0,1.0,1.0,1.0,1.0,1.0,1.0,0.01,0.15121393,0.01,0.01,0.01,0.01,0.01,0.3655707,0.18639463,0.051339887,0.010000001,0.012672086,0.016048782,0.38272995,-0.2310722213537929,-1.2923023959759932
1.06,-666769088.0,0.118577648956572,-0.0444478765130043,-0.1401053369045257,0.0541611686348915,-0.2382967472076416,-2281752494080.0,0.01,0.01,0.01,0.01,0.01,0.01,0.01,1.0,1.0,1.0,1.0,1.0,1.0,1.0,0.01,0.11857765,0.01,0.01,0.05416117,0.01,0.01,0.3655707,0.17836523,0.0468345,0.010000001,0.041919287,0.015444531,0.38272995,-0.2444368276777124,-1.3315231680096782
1.0699999999999998,-666769088.0,0.0927160135317983,-0.0756095349788665,-0.1524723768234253,-0.0971002578735351,-0.2256942689418792,-2281752494080.0,0.01,0.01,0.01,0.01,0.01,0.01,0.01,1.0,1.0,1.0,1.0,1.0,1.0,1.0,0.01,0.092716016,0.01,0.01,0.01,0.01,0.01,0.3655707,0.16739471,0.0428621,0.010000001,0.040224183,0.01490145,0.38272995,-0.2565580078127491,-1.0699720328808244
1.08,-666769088.0,0.0776124347584248,-0.0930792391300201,-0.1570728719234466,-0.0335488840937614,-0.1806949925466837,-2281752494080.0,0.01,0.01,0.01,0.01,0.01,0.01,0.01,1.0,1.0,1.0,1.0,1.0,1.0,1.0,0.01,0.07761244,0.01,0.01,0.01,0.01,0.01,0.3655707,0.1559098,0.039348386,0.01,0.03701303,0.014412849,0.38272995,-0.2648234890332241,-0.6172913736415617
1.09,-666769088.0,0.038126130177524,-0.0880197957158088,-0.1420701593160629,0.0044321492314338,-0.1347705369562897,-2281752494080.0,0.01,0.01,0.01,0.01,0.01,0.01,0.01,1.0,1.0,1.0,1.0,1.0,1.0,1.0,0.01,0.03812613,0.01,0.01,0.01,0.01,0.01,0.3655707,0.14247121,0.036234036,0.01,0.034162797,0.013973162,0.38272995,-0.2683948588154961,-0.1718594691064356
1.1,-666769088.0,-0.0181152923216503,-0.0660183131694793,-0.1179873049259185,0.0171286724507808,-0.0836655025499347,-2281752494080.0,0.01,0.01,0.01,0.01,0.01,0.01,0.01,1.0,1.0,1.0,1.0,1.0,1.0,1.0,0.01,0.01,0.01,0.01,0.017128672,0.01,0.01,0.3655707,0.12612367,0.033476774,0.01,0.032302577,0.013578444,0.38272995,-0.2683281959496136,0.1294670789347249
1.11,-666769088.0,-0.0908032027956501,-0.0397520326077938,-0.0962060391902923,-0.0010473728179931,-0.0174049158585582,-2281752494080.0,0.01,0.01,0.01,0.01,0.01,0.01,0.01,1.0,1.0,1.0,1.0,1.0,1.0,1.0,0.01,0.01,0.01,0.01,0.01,0.01,0.01,0.3655707,0.111299634,0.03102629,0.01,0.03005052,0.013223351,0.38272995,-0.2661373493686426,0.2713953482235213
1.12,-666769088.0,-0.1193444803357124,-0.0189929362386465,-0.080653041601181,-0.0150510687381029,0.0589876966984638,-2281752494080.0,0.01,0.01,0.01,0.01,0.01,0.01,0.01,1.0,1.0,1.0,1.0,1.0,1.0,1.0,0.01,0.01,0.01,0.01,0.01,0.058987696,0.01,0.3655707,0.09873082,0.028843967,0.01,0.027974522,0.033539258,0.38272995,-0.2632041115930577,0.3008785524990963
1.13,-666769088.0,-0.1080540567636489,-0.0035983379930257,-0.0728430151939392,-0.0258333683013916,-0.0358939394476313,-2281752494080.0,0.01,0.01,0.01,0.01,0.01,0.01,0.01,1.0,1.0,1.0,1.0,1.0,1.0,1.0,0.01,0.01,0.01,0.01,0.01,0.01,0.01,0.3655707,0.08798537,0.026896972,0.01,0.026121408,0.034369353,0.38272995,-0.259979975016209,0.3512751723097466
1.14,-666769088.0,-0.1044735684990882,0.0143011137843132,-0.0652177855372428,-0.0342554748058319,-0.0044295205735122,-2281752494080.0,0.01,0.01,0.01,0.01,0.01,0.01,0.01,1.0,1.0,1.0,1.0,1.0,1.0,1.0,0.01,0.01,0.014301114,0.01,0.01,0.01,0.01,0.3655707,0.07874258,0.02554185,0.01,0.024465898,0.03181473,0.38272995,-0.2558416063176432,0.4703919522727935
1.15,-666769088.0,-0.104425624012947,0.0312479250133037,-0.0558202713727951,-0.0430467575788497,-0.0189995259245394,-2281752494080.0,0.01,0.01,0.01,0.01,0.01,0.01,0.01,1.0,1.0,1.0,1.0,1.0,1.0,1.0,0.01,0.01,0.031247925,0.01,0.01,0.01,0.01,0.3655707,0.070715584,0.029399216,0.01,0.022980722,0.029532962,0.38272995,-0.2502432650571863,0.6194743988443586
1.16,-666769088.0,-0.1032602190971374,0.0138384830206632,-0.0422191172838211,-0.0561362467706203,-0.0585032251622189,-2281752494080.0,0.01,0.01,0.01,0.01,0.01,0.01,0.01,1.0,1.0,1.0,1.0,1.0,1.0,1.0,0.01,0.01,0.013838483,0.01,0.01,0.01,0.01,0.3655707,0.063767456,0.028489223,0.01,0.021655645,0.027505567,0.38272995,-0.2433320425058021,0.736094769146275
1.17,-666769088.0,-0.1029353141784668,0.0516614615917205,-0.0359870567917823,-0.0741240829229354,-0.0998951476126401,-2281752494080.0,0.01,0.01,0.01,0.01,0.01,0.01,0.01,1.0,1.0,1.0,1.0,1.0,1.0,1.0,0.01,0.01,0.05166146,0.01,0.01,0.01,0.01,0.3655707,0.05772588,0.044257488,0.01,0.02047241,0.025701847,0.38272995,-0.2354735127266631,0.8150813971840085
1.1800000000000002,-666769088.0,-0.103612519800663,0.0053611765615642,-0.019654918462038,-0.0918634980916976,-0.1313999613861198,-2281752494080.0,0.01,0.01,0.01,0.01,0.01,0.01,0.01,1.0,1.0,1.0,1.0,1.0,1.0,1.0,0.01,0.01,0.01,0.01,0.01,0.01,0.01,0.3655707,0.05243514,0.042026076,0.01,0.019412244,0.024090901,0.38272995,-0.2273429698625381,0.7972620817460947
1.19,-666769088.0,-0.0287014951892851,0.0457633286714553,-0.020317044109106,-0.1060800105333328,-0.1625312360303276,-2281752494080.0,0.01,0.01,0.01,0.01,0.01,0.01,0.01,1.0,1.0,1.0,1.0,1.0,1.0,1.0,0.01,0.01,0.04576333,0.01,0.01,0.01,0.01,0.3655707,0.047775086,0.04436335,0.01,0.018459657,0.022647496,0.38272995,-0.2197892335724982,0.7232902973850281
1.2000000000000002,-666769088.0,0.0413679044515894,0.0597497001290321,-0.0181278996169567,-0.1136469691991806,-0.2253919432131731,-2281752494080.0,0.01,0.01,0.01,0.01,0.01,0.01,0.01,1.0,1.0,1.0,1.0,1.0,1.0,1.0,0.01,0.041367903,0.0597497,0.01,0.01,0.01,0.01,0.3655707,0.044665005,0.05437551,0.01,0.01760481,0.02135552,0.38272995,-0.2130567158566636,0.6379775684952964
1.21,-666769088.0,0.1091452434353582,0.0418479591608047,-0.0199510939419269,-0.115813635289669,-0.3059591945412168,-2281752494080.0,0.01,0.01,0.01,0.01,0.01,0.01,0.01,1.0,1.0,1.0,1.0,1.0,1.0,1.0,0.01,0.10914525,0.04184796,0.01,0.01,0.01,0.01,0.3655707,0.07559205,0.053921457,0.01,0.016841583,0.020204797,0.38272995,-0.2073177442583681,0.5103448495551378
1.2200000000000002,-666769088.0,0.1264761484226253,0.0634107142686843,-0.0236378386616706,-0.1140410453081131,-0.3948450093805287,-2281752494080.0,0.01,0.01,0.01,0.01,0.01,0.01,0.01,1.0,1.0,1.0,1.0,1.0,1.0,1.0,0.01,0.12647615,0.063410714,0.01,0.01,0.01,0.01,0.3655707,0.09738144,0.060160402,0.01,0.016156988,0.01917477,0.38272995,-0.2033316622990254,0.2897593514289228
1.23,-666769088.0,0.1974229076041143,0.0521119683980941,-0.0315971821546554,-0.1063725054264068,-0.4065071642398834,-2281752494080.0,0.01,0.01,0.01,0.01,0.01,0.01,0.01,1.0,1.0,1.0,1.0,1.0,1.0,1.0,0.01,0.1974229,0.05211197,0.01,0.01,0.01,0.01,0.3655707,0.14866184,0.05973007,0.01,0.015541388,0.018250236,0.38272995,-0.2021029277595619,-0.0282366523498669
1.2400000000000002,-666769088.0,0.1895291958369959,0.0502582564949989,-0.0438349992036819,-0.091205283999443,-0.3917981386184692,-2281752494080.0,0.01,0.01,0.01,0.01,0.01,0.01,0.01,1.0,1.0,1.0,1.0,1.0,1.0,1.0,0.01,0.1895292,0.050258256,0.01,0.01,0.01,0.01,0.3655707,0.17269029,0.058693144,0.01,0.014987928,0.017420398,0.38272995,-0.2046390663458572,-0.441755420452681
1.25,-666769088.0,0.1961217746786586,0.0353248752653598,-0.0585570819675922,-0.0698845982551574,-0.3712521195411682,-2281752494080.0,0.01,0.01,0.01,0.01,0.01,0.01,0.01,1.0,1.0,1.0,1.0,1.0,1.0,1.0,0.01,0.19612178,0.035324875,0.01,0.01,0.01,0.01,0.3655707,0.18996033,0.05637566,0.01,0.014489876,0.016674737,0.38272995,-0.2114197186110324,-0.844458250666458
1.2599999999999998,-666769088.0,0.170097842292584,0.0123287653550505,-0.0858252272009849,-0.0416411086916923,-0.3437543213367462,-2281752494080.0,0.01,0.01,0.01,0.01,0.01,0.01,0.01,1.0,1.0,1.0,1.0,1.0,1.0,1.0,0.01,0.17009784,0.012328765,0.01,0.01,0.01,0.01,0.3655707,0.19041136,0.051842965,0.01,0.014042417,0.016005725,0.38272995,-0.22157735004765,-1.1267856984777884
1.27,-666769088.0,0.140650704317896,-0.0191039238125085,-0.1178126782178878,0.0226479992270469,-0.2773412466049194,-2281752494080.0,0.01,0.01,0.01,0.01,0.01,0.01,0.01,1.0,1.0,1.0,1.0,1.0,1.0,1.0,0.01,0.1406507,0.01,0.01,0.022648,0.01,0.01,0.3655707,0.18524946,0.047302056,0.01,0.02000383,0.015404846,0.38272995,-0.2337616277553864,-1.264317994050344
1.2799999999999998,-666769088.0,0.1101548192611805,-0.0514505170285701,-0.1423752903938293,-0.028423648327589,-0.2384994626045227,-2281752494080.0,0.01,0.01,0.01,0.01,0.01,0.01,0.01,1.0,1.0,1.0,1.0,1.0,1.0,1.0,0.01,0.11015482,0.01,0.01,0.01,0.01,0.01,0.3655707,0.17605971,0.043267656,0.01,0.019490449,0.014864959,0.38272995,-0.2462555763842152,-1.2140921154716762
1.29,-666769088.0,0.0920182228885885,-0.077786885201931,-0.1458520740270614,0.0535011403262615,-0.2132263403718093,-2281752494080.0,0.01,0.01,0.01,0.01,0.01,0.01,0.01,1.0,1.0,1.0,1.0,1.0,1.0,1.0,0.01,0.092018224,0.01,0.01,0.05350114,0.01,0.01,0.3655707,0.16497052,0.03970981,0.01,0.043175753,0.014380361,0.38272995,-0.2575050905890659,-1.023634491684997
1.3000000000000005,-666769088.0,0.0598654351138287,-0.0918230637907981,-0.1532046198844909,-0.0574030801653862,-0.1449576677371071,-2281752494080.0,0.01,0.01,0.01,0.01,0.01,0.01,0.01,1.0,1.0,1.0,1.0,1.0,1.0,1.0,0.01,0.059865434,0.01,0.01,0.01,0.01,0.01,0.3655707,0.15242353,0.03655717,0.01,0.04129986,0.013944292,0.38272995,-0.2657432623318447,-0.6408190384021377
1.31,-666769088.0,0.0027961604116783,-0.0884406715631485,-0.1416801363229751,-0.0223990436643362,-0.0901821789275058,-2281752494080.0,0.01,0.01,0.01,0.01,0.01,0.01,0.01,1.0,1.0,1.0,1.0,1.0,1.0,1.0,0.01,0.01,0.01,0.01,0.01,0.01,0.01,0.3655707,0.1361477,0.033756465,0.01,0.037960593,0.013551558,0.38272995,-0.269570792606409,-0.1891303091409667
1.3199999999999998,-666769088.0,-0.0628893815765827,-0.0681076645851135,-0.1190290302038192,-0.0030154585838317,-0.0342826393045474,-2281752494080.0,0.01,0.01,0.01,0.01,0.01,0.01,0.01,1.0,1.0,1.0,1.0,1.0,1.0,1.0,0.01,0.01,0.01,0.01,0.01,0.01,0.01,0.3655707,0.11971039,0.031272583,0.01,0.035006836,0.013198838,0.38272995,-0.2692846303270974,0.1831504856609639
1.33,-666769088.0,-0.1335095316171646,-0.0406341664493083,-0.0956757590174675,-0.0053077992051839,0.0327191144285857,-2281752494080.0,0.01,0.01,0.01,0.01,0.01,0.01,0.01,1.0,1.0,1.0,1.0,1.0,1.0,1.0,0.01,0.01,0.01,0.01,0.01,0.032719113,0.01,0.3655707,0.10587225,0.0290636,0.01,0.032386027,0.021167604,0.38272995,-0.2661479684802458,0.3958945842512045
1.34,-666769088.0,-0.1168016642332077,-0.0175481233745813,-0.0784458816051483,-0.0187052171677351,0.0284178029385414,-2281752494080.0,0.01,0.01,0.01,0.01,0.01,0.01,0.01,1.0,1.0,1.0,1.0,1.0,1.0,1.0,0.01,0.01,0.01,0.01,0.01,0.028417803,0.01,0.3655707,0.09409395,0.027093168,0.01,0.030052954,0.02448775,0.38272995,-0.261618424042609,0.4871805329620803
1.35,-666769088.0,-0.1017286926507949,0.0057924836874008,-0.0652534887194633,-0.0317150466144084,0.0216159670502847,-2281752494080.0,0.01,0.01,0.01,0.01,0.01,0.01,0.01,1.0,1.0,1.0,1.0,1.0,1.0,1.0,0.01,0.01,0.01,0.01,0.01,0.021615967,0.01,0.3655707,0.08396581,0.025329277,0.01,0.02796812,0.024956081,0.38272995,-0.256454909032093,0.5361149358304907
1.36,-666769088.0,-0.0955905616283416,0.0366731286048889,-0.0512600168585777,-0.042445033788681,-0.0041688096680684,-2281752494080.0,0.01,0.01,0.01,0.01,0.01,0.01,0.01,1.0,1.0,1.0,1.0,1.0,1.0,1.0,0.01,0.01,0.03667313,0.01,0.01,0.01,0.01,0.3655707,0.075235434,0.032761265,0.01,0.026107805,0.023886949,0.38272995,-0.2507542439023351,0.5943670899522561
1.37,-666769088.0,-0.0970995128154754,0.0009254533797502,-0.0401877015829086,-0.054844245314598,-0.0443295971404573,-2281752494080.0,0.01,0.01,0.01,0.01,0.01,0.01,0.01,1.0,1.0,1.0,1.0,1.0,1.0,1.0,0.01,0.01,0.01,0.01,0.01,0.01,0.01,0.3655707,0.06765178,0.032026805,0.01,0.024442691,0.022459589,0.38272995,-0.2445350408978917,0.6342608100221492
1.38,-666769088.0,-0.1010029539465904,0.0307285711169242,-0.0374964624643325,-0.0688094645738601,-0.0864958153507065,-2281752494080.0,0.01,0.01,0.01,0.01,0.01,0.01,0.01,1.0,1.0,1.0,1.0,1.0,1.0,1.0,0.01,0.01,0.030728571,0.01,0.01,0.01,0.01,0.3655707,0.061063282,0.031367764,0.01,0.02295608,0.021183657,0.38272995,-0.2380280596855707,0.6625191969432217
1.39,-666769088.0,-0.105866327881813,0.0550528727471828,-0.0274266526103019,-0.0810416936874389,-0.1199089409547425,-2281752494080.0,0.01,0.01,0.01,0.01,0.01,0.01,0.01,1.0,1.0,1.0,1.0,1.0,1.0,1.0,0.01,0.01,0.055052873,0.01,0.01,0.01,0.01,0.3655707,0.055358417,0.04752775,0.01,0.021635983,0.020049317,0.38272995,-0.231219176298204,0.6885645740895211
1.4,-666769088.0,-0.0613270195664753,0.0086487121880054,-0.0316644385457038,-0.0917889326810836,-0.1430723081983231,-2281752494080.0,0.01,0.01,0.01,0.01,0.01,0.01,0.01,1.0,1.0,1.0,1.0,1.0,1.0,1.0,0.01,0.01,0.01,0.01,0.01,0.01,0.01,0.3655707,0.050350748,0.0456095,0.01,0.020453108,0.019031908,0.38272995,-0.2244860968122313,0.6525373597393207
1.41,-666769088.0,0.010322769700686,0.0390442609786987,-0.0260266549885272,-0.0998357981443405,-0.1943556963821714,-2281752494080.0,0.01,0.01,0.01,0.01,0.01,0.01,0.01,1.0,1.0,1.0,1.0,1.0,1.0,1.0,0.01,0.01032277,0.03904426,0.01,0.01,0.01,0.01,0.3655707,0.04594413,0.04434965,0.01,0.019390972,0.018117566,0.38272995,-0.2183753918493419,0.5831551328055675
1.42,-666769088.0,0.0839332156623302,0.0646914765238761,-0.0261804200708866,-0.1035370975732803,-0.2685163247895634,-2281752494080.0,0.01,0.01,0.01,0.01,0.01,0.01,0.01,1.0,1.0,1.0,1.0,1.0,1.0,1.0,0.01,0.08393322,0.06469148,0.01,0.01,0.01,0.01,0.3655707,0.06066422,0.05754007,0.01,0.01844407,0.017301751,0.38272995,-0.212876059719225,0.5195576592537362
1.4300000000000002,-666769088.0,0.1171696679514655,0.0342612490057945,-0.0273902341723442,-0.1046767979860305,-0.355614080174819,-2281752494080.0,0.01,0.01,0.01,0.01,0.01,0.01,0.01,1.0,1.0,1.0,1.0,1.0,1.0,1.0,0.01,0.11716967,0.03426125,0.01,0.01,0.01,0.01,0.3655707,0.086654775,0.056140482,0.01,0.0175949,0.016569626,0.38272995,-0.2083909162998392,0.373990609111876
1.44,-666769088.0,0.1755326032785247,0.0521776229143142,-0.03147803992033,-0.1021519377827644,-0.4064861238002777,-2281752494080.0,0.01,0.01,0.01,0.01,0.01,0.01,0.01,1.0,1.0,1.0,1.0,1.0,1.0,1.0,0.01,0.17553261,0.052177623,0.01,0.01,0.01,0.01,0.3655707,0.13042125,0.055460002,0.01,0.016832713,0.015912082,0.38272995,-0.2059449879692306,0.1225678619883363
1.4500000000000002,-666769088.0,0.1914054255576784,0.0542162880301475,-0.0403842777013778,-0.0929763093590736,-0.3963809013366699,-2281752494080.0,0.01,0.01,0.01,0.01,0.01,0.01,0.01,1.0,1.0,1.0,1.0,1.0,1.0,1.0,0.01,0.19140543,0.054216288,0.01,0.01,0.01,0.01,0.3655707,0.16357997,0.05529628,0.01,0.016147915,0.015320973,0.38272995,-0.2066499206123165,-0.2375173435804767
1.46,-666769088.0,0.1972534941063767,0.0406858772039413,-0.0533555224537849,-0.0756759941577911,-0.3783310353755951,-2281752494080.0,0.01,0.01,0.01,0.01,0.01,0.01,0.01,1.0,1.0,1.0,1.0,1.0,1.0,1.0,0.01,0.1972535,0.040685877,0.01,0.01,0.01,0.01,0.3655707,0.18645619,0.053896084,0.01,0.01553168,0.01478878,0.38272995,-0.2114010096845814,-0.6490136601793086
1.4700000000000002,-666769088.0,0.1796950799792653,0.0212380308657884,-0.0724062100052833,-0.0555825494229793,-0.3580857515335083,-2281752494080.0,0.01,0.01,0.01,0.01,0.01,0.01,0.01,1.0,1.0,1.0,1.0,1.0,1.0,1.0,0.01,0.17969508,0.02123803,0.01,0.01,0.01,0.01,0.3655707,0.19185495,0.050591446,0.01,0.01497887,0.014311142,0.38272995,-0.2199523996406125,-0.9967672602994956
1.48,-666769088.0,0.15345256910497,-0.0066409977152943,-0.1037473678588867,-0.0087624341249465,-0.3114340603351593,-2281752494080.0,0.01,0.01,0.01,0.01,0.01,0.01,0.01,1.0,1.0,1.0,1.0,1.0,1.0,1.0,0.01,0.15345258,0.01,0.01,0.01,0.01,0.01,0.3655707,0.18842068,0.046331264,0.01,0.014482025,0.013881682,0.38272995,-0.2312485630034142,-1.2143112949866688
1.4900000000000002,-666769088.0,0.121845091404952,-0.0392010547220706,-0.1317270100116729,0.0490917079150676,-0.2509744465351105,-2281752494080.0,0.01,0.01,0.01,0.01,0.01,0.01,0.01,1.0,1.0,1.0,1.0,1.0,1.0,1.0,0.01,0.12184509,0.01,0.01,0.049091708,0.01,0.01,0.3655707,0.18051013,0.042418975,0.01,0.038647886,0.013496168,0.38272995,-0.2439311343605781,-1.2747828545568884
1.5,-666769088.0,0.0970105007532315,-0.0704843550920486,-0.1482045948505401,-0.0783616378903389,-0.2349369525909423,-2281752494080.0,0.01,0.01,0.01,0.01,0.01,0.01,0.01,1.0,1.0,1.0,1.0,1.0,1.0,1.0,0.01,0.0970105,0.01,0.01,0.01,0.01,0.01,0.3655707,0.16972937,0.038959134,0.01,0.037119117,0.013149179,0.38272995,-0.2557073345342381,-1.0568444472915968
1.5099999999999998,-666769088.0,0.0756868876616065,-0.0897002220153808,-0.1536855697631836,-0.0270126666873693,-0.1691657935962653,-2281752494080.0,0.01,0.01,0.01,0.01,0.01,0.01,0.01,1.0,1.0,1.0,1.0,1.0,1.0,1.0,0.01,0.07568689,0.01,0.01,0.01,0.01,0.01,0.3655707,0.15809532,0.03589166,0.01,0.034259405,0.012836678,0.38272995,-0.264120833382038,-0.6552503943929192
1.52,-666769088.0,0.02667908527802,-0.0878462493419647,-0.1419295668601989,0.0169310010969638,-0.1181524456082811,-2281752494080.0,0.01,0.01,0.01,0.01,0.01,0.01,0.01,1.0,1.0,1.0,1.0,1.0,1.0,1.0,0.01,0.026679086,0.01,0.01,0.016931001,0.01,0.01,0.3655707,0.14321479,0.033165783,0.01,0.03230868,0.012555071,0.38272995,-0.2683403014369236,-0.2584305742960265
1.5299999999999998,-666769088.0,-0.0353732869584757,-0.0695637166500091,-0.1208805814385414,0.0204877145588397,-0.0619195648581963,-2281752494080.0,0.01,0.01,0.01,0.01,0.01,0.01,0.01,1.0,1.0,1.0,1.0,1.0,1.0,1.0,0.01,0.01,0.01,0.01,0.020487715,0.01,0.01,0.3655707,0.12585881,0.030746369,0.01,0.031033337,0.012301901,0.38272995,-0.269239409231198,0.0259317200534204
1.54,-666769088.0,-0.1121526499686806,-0.0464818887412548,-0.1011097952723503,0.0008403696119785,0.0071360845869518,-2281752494080.0,0.01,0.01,0.01,0.01,0.01,0.01,0.01,1.0,1.0,1.0,1.0,1.0,1.0,1.0,0.01,0.01,0.01,0.01,0.01,0.01,0.01,0.3655707,0.11104798,0.028592614,0.01,0.028970823,0.0120739695,0.38272995,-0.2679691192764695,0.1905745928606528
1.5500000000000005,-666769088.0,-0.1228053644299507,-0.0252128168940544,-0.0855157375335693,-0.0113838389515876,0.0754896393792382,-2281752494080.0,0.01,0.01,0.01,0.01,0.01,0.01,0.01,1.0,1.0,1.0,1.0,1.0,1.0,1.0,0.01,0.01,0.01,0.01,0.01,0.07548964,0.01,0.3655707,0.09852434,0.026675418,0.01,0.027012777,0.04579341,0.38272995,-0.2655846977049685,0.2756894304812624
1.56,-666769088.0,-0.1126300394535064,-0.0126164248213171,-0.0771123021841049,-0.022295881062746,-0.0740430373922191,-2281752494080.0,0.01,0.01,0.01,0.01,0.01,0.01,0.01,1.0,1.0,1.0,1.0,1.0,1.0,1.0,0.01,0.01,0.01,0.01,0.01,0.01,0.01,0.3655707,0.08781528,0.024962654,0.01,0.025263876,0.044944584,0.38272995,-0.2621345682137478,0.4128472107526988
1.5699999999999998,-666769088.0,-0.1061329990625381,0.0060443431138992,-0.0678259655833244,-0.0329269580543041,-0.0294155414037733,-2281752494080.0,0.01,0.01,0.01,0.01,0.01,0.01,0.01,1.0,1.0,1.0,1.0,1.0,1.0,1.0,0.01,0.01,0.01,0.01,0.01,0.01,0.01,0.3655707,0.07858589,0.023429353,0.01,0.023698509,0.041182514,0.38272995,-0.2569456242945386,0.6019382555927223
1.58,-666769088.0,-0.1008117198944091,0.03647455945611,-0.0528221130371093,-0.0447572991251945,-0.0418777270734947,-2281752494080.0,0.01,0.01,0.01,0.01,0.01,0.01,0.01,1.0,1.0,1.0,1.0,1.0,1.0,1.0,0.01,0.01,0.03647456,0.01,0.01,0.01,0.01,0.3655707,0.070602685,0.031960733,0.01,0.02229807,0.03785266,0.38272995,-0.2498062888247925,0.7891661488688217
1.59,-666769088.0,-0.0960431993007659,0.0004674913361668,-0.0321032665669918,-0.0644950419664383,-0.0793955525625274,-2281752494080.0,0.01,0.01,0.01,0.01,0.01,0.01,0.01,1.0,1.0,1.0,1.0,1.0,1.0,1.0,0.01,0.01,0.01,0.01,0.01,0.01,0.01,0.3655707,0.06368459,0.030760227,0.01,0.021047115,0.03490705,0.38272995,-0.2412087602459621,0.9017192571588248
1.6,-666769088.0,-0.0940636470913887,0.0501117557287216,-0.0237740166485309,-0.0872249752283096,-0.1177326934104537,-2281752494080.0,0.01,0.01,0.01,0.01,0.01,0.01,0.01,1.0,1.0,1.0,1.0,1.0,1.0,1.0,0.01,0.01,0.050111756,0.01,0.01,0.01,0.01,0.3655707,0.05765298,0.0437427,0.01,0.019927334,0.032292753,0.38272995,-0.2318753677506004,0.9443481155843704
1.61,-666769088.0,-0.0702787048447712,0.0190472733229398,-0.0196879729628562,-0.1074619516730308,-0.1451128861190573,-2281752494080.0,0.01,0.01,0.01,0.01,0.01,0.01,0.01,1.0,1.0,1.0,1.0,1.0,1.0,1.0,0.01,0.01,0.019047273,0.01,0.01,0.01,0.01,0.3655707,0.052372433,0.042318534,0.01,0.018923953,0.029967943,0.38272995,-0.2226945053280995,0.8849393471141549
1.62,-666769088.0,0.0022623981743723,0.0702521055936813,-0.0114494003355503,-0.1209369897842407,-0.1879115247306022,-2281752494080.0,0.01,0.01,0.01,0.01,0.01,0.01,0.01,1.0,1.0,1.0,1.0,1.0,1.0,1.0,0.01,0.01,0.070252106,0.01,0.01,0.01,0.01,0.3655707,0.047735002,0.061066717,0.01,0.018024432,0.027897876,0.38272995,-0.2144429603457353,0.770671150547751
1.63,-666769088.0,0.0730333049132382,0.0339876152575016,-0.0115364454686641,-0.1259195208549499,-0.2569837435993413,-2281752494080.0,0.01,0.01,0.01,0.01,0.01,0.01,0.01,1.0,1.0,1.0,1.0,1.0,1.0,1.0,0.01,0.0730333,0.033987615,0.01,0.01,0.01,0.01,0.3655707,0.056465544,0.060308132,0.01,0.017217273,0.026051557,0.38272995,-0.2076913812234241,0.5911115749300586
1.64,-666769088.0,0.1041069200966831,0.0623835250735282,-0.0176192708313465,-0.123170718550682,-0.3383216611291776,-2281752494080.0,0.01,0.01,0.01,0.01,0.01,0.01,0.01,1.0,1.0,1.0,1.0,1.0,1.0,1.0,0.01,0.10410692,0.062383525,0.01,0.01,0.01,0.01,0.3655707,0.07739885,0.061430756,0.01,0.01649336,0.024404677,0.38272995,-0.2030652419215718,0.3535611105837786
1.65,-666769088.0,0.1673654997765991,0.0688479468226432,-0.0275889672338962,-0.1134019196033477,-0.4108012914657593,-2281752494080.0,0.01,0.01,0.01,0.01,0.01,0.01,0.01,1.0,1.0,1.0,1.0,1.0,1.0,1.0,0.01,0.1673655,0.06884795,0.01,0.01,0.01,0.01,0.3655707,0.121916495,0.06601544,0.01,0.015842015,0.022929931,0.38272995,-0.2010484052774502,0.082119511098428
1.66,-666769088.0,0.1863311370606656,0.0544096380472183,-0.0397612452507019,-0.0979985892772674,-0.3966517448425293,-2281752494080.0,0.01,0.01,0.01,0.01,0.01,0.01,0.01,1.0,1.0,1.0,1.0,1.0,1.0,1.0,0.01,0.18633114,0.054409638,0.01,0.01,0.01,0.01,0.3655707,0.15477179,0.065298416,0.01,0.0152576715,0.021612715,0.38272995,-0.2021024941162255,-0.2608464797928945
1.67,-666769088.0,0.1992437178859566,0.0448514372110366,-0.0530611090362072,-0.0780098587274551,-0.3778130114078522,-2281752494080.0,0.01,0.01,0.01,0.01,0.01,0.01,0.01,1.0,1.0,1.0,1.0,1.0,1.0,1.0,0.01,0.19924372,0.044851437,0.01,0.01,0.01,0.01,0.3655707,0.18225642,0.063129865,0.01,0.014731877,0.020432044,0.38272995,-0.2068850095212999,-0.635620187902544
1.6800000000000002,-666769088.0,0.1825478995379709,0.0275207441300153,-0.0721349194645881,-0.0577412098646163,-0.3587805032730102,-2281752494080.0,0.01,0.01,0.01,0.01,0.01,0.01,0.01,1.0,1.0,1.0,1.0,1.0,1.0,1.0,0.01,0.1825479,0.027520744,0.01,0.01,0.01,0.01,0.3655707,0.19014674,0.059397344,0.01,0.014259942,0.019376075,0.38272995,-0.2150994157217796,-0.9490947882413718
1.69,-666769088.0,0.1604261477468604,-0.0001304754987359,-0.101473793387413,-0.0138156302273273,-0.314782977104187,-2281752494080.0,0.01,0.01,0.01,0.01,0.01,0.01,0.01,1.0,1.0,1.0,1.0,1.0,1.0,1.0,0.01,0.16042615,0.01,0.01,0.01,0.01,0.01,0.3655707,0.18794511,0.05417258,0.01,0.0138356015,0.018429577,0.38272995,-0.2258097698348415,-1.1489542837909512
1.7000000000000002,-666769088.0,0.1300699331943787,-0.0293779708445072,-0.1274811923503875,0.0393314957618713,-0.2541435062885284,-2281752494080.0,0.01,0.01,0.01,0.01,0.01,0.01,0.01,1.0,1.0,1.0,1.0,1.0,1.0,1.0,0.01,0.13006993,0.01,0.01,0.039331496,0.01,0.01,0.3655707,0.18149371,0.049323704,0.01,0.031611815,0.017581856,0.38272995,-0.2378592203436859,-1.2199209497423509
1.71,-666769088.0,0.1033872651496844,-0.0577225908637046,-0.1372281908988952,-0.0679345205426216,-0.2356623411178589,-2281752494080.0,0.01,0.01,0.01,0.01,0.01,0.01,0.01,1.0,1.0,1.0,1.0,1.0,1.0,1.0,0.01,0.10338727,0.01,0.01,0.01,0.01,0.01,0.3655707,0.17165692,0.045056093,0.01,0.030542705,0.016821103,0.38272995,-0.2493422424992191,-1.0564689997586862
1.7200000000000002,-666769088.0,0.0868076779311219,-0.076916679739952,-0.1454818397760391,-0.0234970543533563,-0.1872550236133615,-2281752494080.0,0.01,0.01,0.01,0.01,0.01,0.01,0.01,1.0,1.0,1.0,1.0,1.0,1.0,1.0,0.01,0.086807676,0.01,0.01,0.01,0.01,0.01,0.3655707,0.16075186,0.041285135,0.01,0.02840993,0.016137268,0.38272995,-0.2581840797144786,-0.7385514311211074
1.73,-666769088.0,0.0445564332743332,-0.0795265361666679,-0.1406711637973785,0.0270176529884338,-0.1310933019572973,-2281752494080.0,0.01,0.01,0.01,0.01,0.01,0.01,0.01,1.0,1.0,1.0,1.0,1.0,1.0,1.0,0.01,0.04455643,0.01,0.01,0.027017653,0.01,0.01,0.3655707,0.14762822,0.03794329,0.01,0.027902305,0.015521965,0.38272995,-0.2636953174605067,-0.4260914744317752
1.7400000000000002,-666769088.0,-0.0168786357980426,-0.0683616548776626,-0.1252927482128143,0.0160078667104244,-0.0723939725976609,-2281752494080.0,0.01,0.01,0.01,0.01,0.01,0.01,0.01,1.0,1.0,1.0,1.0,1.0,1.0,1.0,0.01,0.01,0.01,0.01,0.016007867,0.01,0.01,0.3655707,0.13072765,0.034987736,0.01,0.026834505,0.014970088,0.38272995,-0.266535581892591,-0.1852509060000198
1.75,-666769088.0,-0.091892753351034,-0.0521340481936931,-0.109929546713829,0.0057500302791595,-0.0024649046203145,-2281752494080.0,0.01,0.01,0.01,0.01,0.01,0.01,0.01,1.0,1.0,1.0,1.0,1.0,1.0,1.0,0.01,0.01,0.01,0.01,0.01,0.01,0.01,0.3655707,0.11512935,0.03236389,0.01,0.02518949,0.0144740855,0.38272995,-0.2673701887557583,-0.0157114179860602
1.7599999999999998,-666769088.0,-0.1322810798883438,-0.0354981459677219,-0.0968246012926101,-0.0035913214087486,0.0746742521649653,-2281752494080.0,0.01,0.01,0.01,0.01,0.01,0.01,0.01,1.0,1.0,1.0,1.0,1.0,1.0,1.0,0.01,0.01,0.01,0.01,0.01,0.07467425,0.01,0.3655707,0.10196965,0.030032966,0.01,0.02363455,0.044193733,0.38272995,-0.2668780574920502,0.0974680887492309
1.77,-666769088.0,-0.1249365881085395,-0.0219879169017076,-0.0865403339266777,-0.0139532964676618,-0.034871984234844,-2281752494080.0,0.01,0.01,0.01,0.01,0.01,0.01,0.01,1.0,1.0,1.0,1.0,1.0,1.0,1.0,0.01,0.01,0.01,0.01,0.01,0.01,0.01,0.3655707,0.090764865,0.027957954,0.01,0.022244869,0.043520194,0.38272995,-0.2650772616975521,0.2579967768326323
1.7799999999999998,-666769088.0,-0.1184091418981552,-0.0113329933956265,-0.0786486342549324,-0.0249285027384758,0.0040102460933225,-2281752494080.0,0.01,0.01,0.01,0.01,0.01,0.01,0.01,1.0,1.0,1.0,1.0,1.0,1.0,1.0,0.01,0.01,0.01,0.01,0.01,0.01,0.01,0.3655707,0.08111106,0.02610154,0.01,0.020997344,0.040197317,0.38272995,-0.2613267033419624,0.4603171914345659
1.79,-666769088.0,-0.1109144389629364,0.0097206626087427,-0.0679357424378395,-0.0376710072159767,-0.0110094630049569,-2281752494080.0,0.01,0.01,0.01,0.01,0.01,0.01,0.01,1.0,1.0,1.0,1.0,1.0,1.0,1.0,0.01,0.01,0.01,0.01,0.01,0.01,0.01,0.3655707,0.07273617,0.024437102,0.01,0.019875424,0.037013505,0.38272995,-0.2555163109214822,0.6496147290168657
1.8000000000000005,-666769088.0,-0.1033744513988494,0.0473644249141216,-0.0492340475320816,-0.0526102930307388,-0.0512133003074338,-2281752494080.0,0.01,0.01,0.01,0.01,0.01,0.01,0.01,1.0,1.0,1.0,1.0,1.0,1.0,1.0,0.01,0.01,0.047364425,0.01,0.01,0.01,0.01,0.3655707,0.065547794,0.04014296,0.01,0.018877935,0.03416498,0.38272995,-0.2481489763511239,0.7946263868336746
1.81,-666769088.0,-0.1002843528985977,-0.0076412353664636,-0.029254924505949,-0.074861817061901,-0.093767517938024,-2281752494080.0,0.01,0.01,0.01,0.01,0.01,0.01,0.01,1.0,1.0,1.0,1.0,1.0,1.0,1.0,0.01,0.01,0.01,0.01,0.01,0.01,0.01,0.3655707,0.05927942,0.03849537,0.01,0.01798293,0.031632844,0.38272995,-0.2398622975661319,0.8406369284870283
1.82,-666769088.0,-0.0965526674398621,0.029070908203721,-0.0153282806277275,-0.095492199063301,-0.1259267231932905,-2281752494080.0,0.01,0.01,0.01,0.01,0.01,0.01,0.01,1.0,1.0,1.0,1.0,1.0,1.0,1.0,0.01,0.01,0.029070908,0.01,0.01,0.01,0.01,0.3655707,0.053793028,0.037215933,0.01,0.017179502,0.029378688,0.38272995,-0.2315704124006006,0.8139083395323345
1.83,-666769088.0,-0.021785394634924,0.0739749819040298,-0.0246803797781467,-0.1099208742380142,-0.1596785034718083,-2281752494080.0,0.01,0.01,0.01,0.01,0.01,0.01,0.01,1.0,1.0,1.0,1.0,1.0,1.0,1.0,0.01,0.01,0.07397498,0.01,0.01,0.01,0.01,0.3655707,0.048987854,0.062280823,0.01,0.016459549,0.02737404,0.38272995,-0.2237243198025827,0.7516541000801004
1.84,-666769088.0,0.0496488991337575,0.0164400339126586,-0.0204326808452606,-0.117579847574234,-0.225361806397604,-2281752494080.0,0.01,0.01,0.01,0.01,0.01,0.01,0.01,1.0,1.0,1.0,1.0,1.0,1.0,1.0,0.01,0.0496489,0.016440034,0.01,0.01,0.01,0.01,0.3655707,0.047354694,0.059843652,0.01,0.015812146,0.025583277,0.38272995,-0.2169536386764561,0.6093942853283889
1.85,-666769088.0,0.108454224475032,0.0453750044107437,-0.0216719768941402,-0.1179390996694564,-0.3068299257790341,-2281752494080.0,0.01,0.01,0.01,0.01,0.01,0.01,0.01,1.0,1.0,1.0,1.0,1.0,1.0,1.0,0.01,0.10845423,0.045375004,0.01,0.01,0.01,0.01,0.3655707,0.07611674,0.057725467,0.01,0.0152313495,0.02398648,0.38272995,-0.2119150423092771,0.4124211002109908
1.86,-666769088.0,0.1361839276716285,0.0665108412504196,-0.0288518965244293,-0.1113582253456115,-0.3929203385467481,-2281752494080.0,0.01,0.01,0.01,0.01,0.01,0.01,0.01,1.0,1.0,1.0,1.0,1.0,1.0,1.0,0.01,0.13618393,0.06651084,0.01,0.01,0.01,0.01,0.3655707,0.10389695,0.06337358,0.01,0.014709547,0.022559568,0.38272995,-0.2091207495106195,0.1624841909761544
1.87,-666769088.0,0.1925892732702788,0.050474964082241,-0.0391715914011001,-0.0989597588777542,-0.3953545689582824,-2281752494080.0,0.01,0.01,0.01,0.01,0.01,0.01,0.01,1.0,1.0,1.0,1.0,1.0,1.0,1.0,0.01,0.19258927,0.050474964,0.01,0.01,0.01,0.01,0.3655707,0.1484436,0.06265635,0.01,0.01423982,0.021281144,0.38272995,-0.2092177058751348,-0.15243319548465
1.88,-666769088.0,0.1900728363611863,0.0440833009779453,-0.0518258400261402,-0.0809060484170913,-0.3790376186370849,-2281752494080.0,0.01,0.01,0.01,0.01,0.01,0.01,0.01,1.0,1.0,1.0,1.0,1.0,1.0,1.0,0.01,0.19007283,0.0440833,0.01,0.01,0.01,0.01,0.3655707,0.17330033,0.060659204,0.01,0.013817569,0.020136908,0.38272995,-0.2128193402783847,-0.5262587016043209
1.89,-666769088.0,0.1888639137875623,0.0286894217133522,-0.0663197785615921,-0.0617721788585186,-0.3618085086345672,-2281752494080.0,0.01,0.01,0.01,0.01,0.01,0.01,0.01,1.0,1.0,1.0,1.0,1.0,1.0,1.0,0.01,0.18886392,0.028689422,0.01,0.01,0.01,0.01,0.3655707,0.18697402,0.05733141,0.01,0.0134377,0.019111494,0.38272995,-0.2201034172031672,-0.8706825315299956
1.9,-666769088.0,0.1649080674866918,0.0051513612270355,-0.0949441269040107,-0.0278730615973472,-0.3280069231986999,-2281752494080.0,0.01,0.01,0.01,0.01,0.01,0.01,0.01,1.0,1.0,1.0,1.0,1.0,1.0,1.0,0.01,0.16490807,0.01,0.01,0.01,0.01,0.01,0.3655707,0.18630138,0.052354205,0.01,0.0130960625,0.018192494,0.38272995,-0.2302229045171693,-1.1035891742681274
1.91,-666769088.0,0.1353741344179538,-0.0243751537054777,-0.1238539516925811,0.0299432203173637,-0.2646202147006988,-2281752494080.0,0.01,0.01,0.01,0.01,0.01,0.01,0.01,1.0,1.0,1.0,1.0,1.0,1.0,1.0,0.01,0.13537413,0.01,0.01,0.02994322,0.01,0.01,0.3655707,0.18096402,0.047719877,0.01,0.024756318,0.017368406,0.38272995,-0.2419880049432807,-1.2066888268800906
1.92,-666769088.0,0.1061851870118941,-0.0543613955378532,-0.1462648659944534,-0.051016479730606,-0.2363558411598205,-2281752494080.0,0.01,0.01,0.01,0.01,0.01,0.01,0.01,1.0,1.0,1.0,1.0,1.0,1.0,1.0,0.01,0.10618519,0.01,0.01,0.01,0.01,0.01,0.3655707,0.17180929,0.04363893,0.01,0.024111152,0.016629025,0.38272995,-0.2536580363879103,-1.1060403285882558
1.93,-666769088.0,0.090623733144676,-0.0770629420876503,-0.1500687599182129,-0.0032720044255256,-0.2046091375735008,-2281752494080.0,0.01,0.01,0.01,0.01,0.01,0.01,0.01,1.0,1.0,1.0,1.0,1.0,1.0,1.0,0.01,0.09062374,0.01,0.01,0.01,0.01,0.01,0.3655707,0.16118668,0.040031794,0.01,0.022669347,0.015964637,0.38272995,-0.2634429967934429,-0.8718889260004039
1.94,-666769088.0,0.0555345393403678,-0.0856360346078872,-0.1485641896724701,0.0494705103337764,-0.1420384495940315,-2281752494080.0,0.01,0.01,0.01,0.01,0.01,0.01,0.01,1.0,1.0,1.0,1.0,1.0,1.0,1.0,0.01,0.055534538,0.01,0.01,0.04947051,0.01,0.01,0.3655707,0.14898178,0.036842275,0.01,0.041188374,0.015368349,0.38272995,-0.270739850072428,-0.606174152668748
1.95,-666769088.0,-0.0048693250680298,-0.0818552747368812,-0.1379030346870422,-0.0436727181077003,-0.0801256309487368,-2281752494080.0,0.01,0.01,0.01,0.01,0.01,0.01,0.01,1.0,1.0,1.0,1.0,1.0,1.0,1.0,0.01,0.01,0.01,0.01,0.01,0.01,0.01,0.3655707,0.13275287,0.034009863,0.01,0.039792676,0.014831879,0.38272995,-0.2749084384935611,-0.2642596591540672
1.96,-666769088.0,-0.0757940433727343,-0.0673606321215629,-0.1212499290704727,-0.0251472853124141,-0.0156286195497371,-2281752494080.0,0.01,0.01,0.01,0.01,0.01,0.01,0.01,1.0,1.0,1.0,1.0,1.0,1.0,1.0,0.01,0.01,0.01,0.01,0.01,0.01,0.01,0.3655707,0.11679337,0.03149067,0.01,0.036621965,0.01434913,0.38272995,-0.2755115623365877,0.0799690280173136
1.97,-666769088.0,-0.1382187306880951,-0.0449338555335998,-0.1011694595217704,-0.0180919393897056,0.0533570213951047,-2281752494080.0,0.01,0.01,0.01,0.01,0.01,0.01,0.01,1.0,1.0,1.0,1.0,1.0,1.0,1.0,0.01,0.01,0.01,0.01,0.01,0.05335702,0.01,0.3655707,0.10338926,0.029256554,0.01,0.033819176,0.031122275,0.38272995,-0.2732049666736945,0.3356024061542304
1.98,-666769088.0,-0.1241069585084915,-0.023354722186923,-0.0832879915833473,-0.0218925029039382,-0.0004938157136471,-2281752494080.0,0.01,0.01,0.01,0.01,0.01,0.01,0.01,1.0,1.0,1.0,1.0,1.0,1.0,1.0,0.01,0.01,0.01,0.01,0.01,0.01,0.01,0.3655707,0.09195509,0.027262807,0.01,0.03132484,0.032253146,0.38272995,-0.268770845096802,0.5189068262947395
1.99,-666769088.0,-0.1079782247543335,-0.0011172089725732,-0.070205345749855,-0.0315526314079761,0.0189875130160525,-2281752494080.0,0.01,0.01,0.01,0.01,0.01,0.01,0.01,1.0,1.0,1.0,1.0,1.0,1.0,1.0,0.01,0.01,0.01,0.01,0.01,0.018987512,0.01,0.3655707,0.08215101,0.025483739,0.01,0.029104628,0.03096164,0.38272995,-0.2627886098409295,0.6512101097772908
2.0,-666769088.0,-0.0969473719596862,0.0367176495492458,-0.0513301342725753,-0.0430874340236187,-0.0060904673576071,-2281752494080.0,0.01,0.01,0.01,0.01,0.01,0.01,0.01,1.0,1.0,1.0,1.0,1.0,1.0,1.0,0.01,0.01,0.03671765,0.01,0.01,0.01,0.01,0.3655707,0.073675886,0.032850493,0.01,0.027122369,0.029143738,0.38272995,-0.2556598087855161,0.7505447884379021
2.01,-666769088.0,-0.0934693589806556,0.0045518185943365,-0.0326238945126533,-0.0609532408416271,-0.0507992744870713,-2281752494080.0,0.01,0.01,0.01,0.01,0.01,0.01,0.01,1.0,1.0,1.0,1.0,1.0,1.0,1.0,0.01,0.01,0.01,0.01,0.01,0.01,0.01,0.3655707,0.06635023,0.03160771,0.01,0.025357816,0.027160795,0.38272995,-0.2478620107531245,0.793037912127564
2.02,-666769088.0,-0.0957610011100769,0.0505082607269287,-0.0221715085208416,-0.0777469500899314,-0.0954891729029465,-2281752494080.0,0.01,0.01,0.01,0.01,0.01,0.01,0.01,1.0,1.0,1.0,1.0,1.0,1.0,1.0,0.01,0.01,0.05050826,0.01,0.01,0.01,0.01,0.3655707,0.059979934,0.044177383,0.01,0.023783667,0.025393803,0.38272995,-0.2398614283857322,0.8005304814687724
2.03,-666769088.0,-0.1004762649536132,0.0134833315387368,-0.0159727223217487,-0.0917047262191772,-0.1290329039278977,-2281752494080.0,0.01,0.01,0.01,0.01,0.01,0.01,0.01,1.0,1.0,1.0,1.0,1.0,1.0,1.0,0.01,0.01,0.013483332,0.01,0.01,0.01,0.01,0.3655707,0.054404374,0.0427196,0.01,0.022375092,0.023814218,0.38272995,-0.232096989728155,0.7478258107414215
2.04,-666769088.0,-0.0475454683032116,0.0538088753819465,-0.027472585439682,-0.1014903932809829,-0.1534161386121459,-2281752494080.0,0.01,0.01,0.01,0.01,0.01,0.01,0.01,1.0,1.0,1.0,1.0,1.0,1.0,1.0,0.01,0.01,0.053808875,0.01,0.01,0.01,0.01,0.3655707,0.04951701,0.049795646,0.01,0.021115597,0.022403069,0.38272995,-0.2250936990115503,0.6630559918496035
2.0500000000000003,-666769088.0,0.0213518215363615,0.0426676496863365,-0.0260103456676006,-0.1059618964791297,-0.2057767580496451,-2281752494080.0,0.01,0.01,0.01,0.01,0.01,0.01,0.01,1.0,1.0,1.0,1.0,1.0,1.0,1.0,0.01,0.021351822,0.04266765,0.01,0.01,0.01,0.01,0.3655707,0.0455113,0.05026344,0.01,0.019981263,0.021133112,0.38272995,-0.2190694013819313,0.5651349872428775
2.06,-666769088.0,0.0914588140126043,0.0621764212846756,-0.0269844122231006,-0.1059195846319198,-0.279229400703235,-2281752494080.0,0.01,0.01,0.01,0.01,0.01,0.01,0.01,1.0,1.0,1.0,1.0,1.0,1.0,1.0,0.01,0.09145881,0.06217642,0.01,0.01,0.01,0.01,0.3655707,0.064772405,0.057613984,0.01,0.018971827,0.020003837,0.38272995,-0.2139367936140202,0.4723789589231157
2.0700000000000003,-666769088.0,0.1207597727636436,0.047465581446886,-0.0297151170670986,-0.1038235574960708,-0.3648241672592871,-2281752494080.0,0.01,0.01,0.01,0.01,0.01,0.01,0.01,1.0,1.0,1.0,1.0,1.0,1.0,1.0,0.01,0.12075977,0.04746558,0.01,0.01,0.01,0.01,0.3655707,0.0903628,0.057251077,0.01,0.018068202,0.018993586,0.38272995,-0.2099994727571484,0.3162328177034167
2.08,-666769088.0,0.1814701798814627,0.058069035410881,-0.0348548516631126,-0.0988124087452888,-0.4011316299438476,-2281752494080.0,0.01,0.01,0.01,0.01,0.01,0.01,0.01,1.0,1.0,1.0,1.0,1.0,1.0,1.0,0.01,0.18147019,0.058069035,0.01,0.01,0.01,0.01,0.3655707,0.1352848,0.05772058,0.01,0.017257463,0.018087696,0.38272995,-0.2081101208934628,0.070111765278841
2.09,-666769088.0,0.1901916077625365,0.0525586977601051,-0.0438384637236595,-0.0883931964635849,-0.3904248476028442,-2281752494080.0,0.01,0.01,0.01,0.01,0.01,0.01,0.01,1.0,1.0,1.0,1.0,1.0,1.0,1.0,0.01,0.19019161,0.052558698,0.01,0.01,0.01,0.01,0.3655707,0.16592981,0.057256397,0.01,0.016529167,0.017274335,0.38272995,-0.2092962292970501,-0.2806256548641054
2.1,-666769088.0,0.195316646883345,0.0388188138604164,-0.0563284754753112,-0.0708719342947006,-0.3728602230548858,-2281752494080.0,0.01,0.01,0.01,0.01,0.01,0.01,0.01,1.0,1.0,1.0,1.0,1.0,1.0,1.0,0.01,0.19531664,0.038818814,0.01,0.01,0.01,0.01,0.3655707,0.18694595,0.055441774,0.01,0.015873889,0.016542846,0.38272995,-0.2143920678073419,-0.6733552781452788
2.11,-666769088.0,0.1756147047018445,0.0195667203515768,-0.0766091048717498,-0.0507969707250595,-0.3532601594924927,-2281752494080.0,0.01,0.01,0.01,0.01,0.01,0.01,0.01,1.0,1.0,1.0,1.0,1.0,1.0,1.0,0.01,0.1756147,0.01956672,0.01,0.01,0.01,0.01,0.3655707,0.19062088,0.051757567,0.01,0.015286392,0.015887298,0.38272995,-0.223021100386533,-0.991526204510684
2.12,-666769088.0,0.1491604484048743,-0.0082882773131132,-0.1065539270639419,-0.0021432973444461,-0.3047055602073669,-2281752494080.0,0.01,0.01,0.01,0.01,0.01,0.01,0.01,1.0,1.0,1.0,1.0,1.0,1.0,1.0,0.01,0.14916044,0.01,0.01,0.01,0.01,0.01,0.3655707,0.18671145,0.04732878,0.01,0.014758466,0.015298438,0.38272995,-0.2341069194669977,-1.1825949909284144
2.13,-666769088.0,0.1186174594538435,-0.0395244657993316,-0.1318618804216385,0.0489093884825706,-0.2496420741081237,-2281752494080.0,0.01,0.01,0.01,0.01,0.01,0.01,0.01,1.0,1.0,1.0,1.0,1.0,1.0,1.0,0.01,0.11861746,0.01,0.01,0.04890939,0.01,0.01,0.3655707,0.17851941,0.043300007,0.01,0.038580734,0.014770317,0.38272995,-0.246357137539722,-1.2239304099418695
2.14,-666769088.0,0.0961311440243228,-0.0688262060284614,-0.1424858123064041,-0.0767177194356918,-0.2309936687923775,-2281752494080.0,0.01,0.01,0.01,0.01,0.01,0.01,0.01,1.0,1.0,1.0,1.0,1.0,1.0,1.0,0.01,0.096131146,0.01,0.01,0.01,0.01,0.01,0.3655707,0.16781875,0.039739404,0.01,0.03699439,0.01429538,0.38272995,-0.2575767243829246,-0.99861188192657
2.15,-666769088.0,0.0723808885104231,-0.0861259326338768,-0.151978000998497,-0.0273255445063114,-0.1628027536292896,-2281752494080.0,0.01,0.01,0.01,0.01,0.01,0.01,0.01,1.0,1.0,1.0,1.0,1.0,1.0,1.0,0.01,0.072380885,0.01,0.01,0.01,0.01,0.01,0.3655707,0.15616849,0.036582343,0.01,0.034147844,0.013867739,0.38272995,-0.2654269490723743,-0.6038934249512727
2.16,-666769088.0,0.0211419682894572,-0.0832996517419815,-0.1392753273248672,0.0125498510897159,-0.1116783241833643,-2281752494080.0,0.01,0.01,0.01,0.01,0.01,0.01,0.01,1.0,1.0,1.0,1.0,1.0,1.0,1.0,0.01,0.021141969,0.01,0.01,0.012549851,0.01,0.01,0.3655707,0.14098321,0.033778574,0.01,0.031832542,0.013482679,0.38272995,-0.2691924624923681,-0.2188267701537943
2.17,-666769088.0,-0.0422873283748404,-0.0651563704013824,-0.1183811128139495,0.0191753096878528,-0.0542973475398287,-2281752494080.0,0.01,0.01,0.01,0.01,0.01,0.01,0.01,1.0,1.0,1.0,1.0,1.0,1.0,1.0,0.01,0.01,0.01,0.01,0.01917531,0.01,0.01,0.3655707,0.12391371,0.031291593,0.01,0.030436426,0.013136778,0.38272995,-0.2697726536946661,0.0515163682364133
2.18,-666769088.0,-0.1211699728513144,-0.0427185148000717,-0.09913070499897,-0.0003692433238029,0.0159588767009861,-2281752494080.0,0.01,0.01,0.01,0.01,0.01,0.01,0.01,1.0,1.0,1.0,1.0,1.0,1.0,1.0,0.01,0.01,0.01,0.01,0.01,0.015958877,0.01,0.3655707,0.10940782,0.029078411,0.01,0.028422967,0.014179638,0.38272995,-0.2683325115759604,0.2013171398750082
2.19,-666769088.0,-0.1216455772519111,-0.0232086721807718,-0.0842376053333282,-0.0127752143889665,0.0733009861671558,-2281752494080.0,0.01,0.01,0.01,0.01,0.01,0.01,0.01,1.0,1.0,1.0,1.0,1.0,1.0,1.0,0.01,0.01,0.01,0.01,0.01,0.07330099,0.01,0.3655707,0.09711859,0.027107667,0.01,0.026523048,0.045535117,0.38272995,-0.2658841888278557,0.2786115506963196
2.2,-666769088.0,-0.112021267414093,-0.01037850510329,-0.0765303075313568,-0.0234266351908445,-0.0630026986697427,-2281752494080.0,0.01,0.01,0.01,0.01,0.01,0.01,0.01,1.0,1.0,1.0,1.0,1.0,1.0,1.0,0.01,0.01,0.01,0.01,0.01,0.01,0.01,0.3655707,0.086609654,0.025348533,0.01,0.02482653,0.04469703,0.38272995,-0.2624350959336718,0.4105679170405489
2.21,-666769088.0,-0.106490172445774,0.0085484255105257,-0.0673936083912849,-0.0336926691234111,-0.0280162293017984,-2281752494080.0,0.01,0.01,0.01,0.01,0.01,0.01,0.01,1.0,1.0,1.0,1.0,1.0,1.0,1.0,0.01,0.01,0.01,0.01,0.01,0.01,0.01,0.3655707,0.07754838,0.023774382,0.01,0.023307933,0.040964447,0.38272995,-0.2572885279940506,0.5971586846174886
2.22,-666769088.0,-0.1019370779395103,0.038258459419012,-0.0527009405195713,-0.0451807379722595,-0.0437813794689057,-2281752494080.0,0.01,0.01,0.01,0.01,0.01,0.01,0.01,1.0,1.0,1.0,1.0,1.0,1.0,1.0,0.01,0.01,0.03825846,0.01,0.01,0.01,0.01,0.3655707,0.06971189,0.0334246,0.01,0.021949884,0.037662547,0.38272995,-0.2502178465098911,0.7827645062365973
2.23,-666769088.0,-0.097537912428379,-0.0013343812897801,-0.0325712449848651,-0.0649527758359909,-0.0817330483078854,-2281752494080.0,0.01,0.01,0.01,0.01,0.01,0.01,0.01,1.0,1.0,1.0,1.0,1.0,1.0,1.0,0.01,0.01,0.01,0.01,0.01,0.01,0.01,0.3655707,0.06290961,0.03211032,0.01,0.020735517,0.034738626,0.38272995,-0.2417165611864937,0.8882253688354795
2.24,-666769088.0,-0.0956734120845794,0.0458678230643272,-0.0278292894363403,-0.0872979462146759,-0.119008264919212,-2281752494080.0,0.01,0.01,0.01,0.01,0.01,0.01,0.01,1.0,1.0,1.0,1.0,1.0,1.0,1.0,0.01,0.01,0.045867823,0.01,0.01,0.01,0.01,0.3655707,0.056973953,0.04121229,0.01,0.019647954,0.03214248,0.38272995,-0.2325533361451315,0.9256926958925934
2.25,-666769088.0,-0.069681754338543,0.0289114397019147,-0.0213679485023021,-0.1068667098879814,-0.1446822276783479,-2281752494080.0,0.01,0.01,0.01,0.01,0.01,0.01,0.01,1.0,1.0,1.0,1.0,1.0,1.0,1.0,0.01,0.01,0.02891144,0.01,0.01,0.01,0.01,0.3655707,0.051775463,0.040828526,0.01,0.018673304,0.02983367,0.38272995,-0.2235172543353446,0.8764470886748006
2.26,-666769088.0,0.0021539208187818,0.0756422653794288,-0.0112399086356163,-0.1199961602687835,-0.1879389502936358,-2281752494080.0,0.01,0.01,0.01,0.01,0.01,0.01,0.01,1.0,1.0,1.0,1.0,1.0,1.0,1.0,0.01,0.01,0.075642265,0.01,0.01,0.01,0.01,0.3655707,0.04721288,0.06440256,0.01,0.017800124,0.027779484,0.38272995,-0.2152416300744437,0.7788491265829771
2.27,-666769088.0,0.0730841222785191,0.0277252420783042,-0.0114909261465072,-0.1255706995725631,-0.2579486084306518,-2281752494080.0,0.01,0.01,0.01,0.01,0.01,0.01,0.01,1.0,1.0,1.0,1.0,1.0,1.0,1.0,0.01,0.07308412,0.027725242,0.01,0.01,0.01,0.01,0.3655707,0.056288507,0.06282169,0.01,0.017016385,0.025946906,0.38272995,-0.2083798021647693,0.6000610703632879
2.28,-666769088.0,0.1038543453246105,0.0569216534495353,-0.017257135361433,-0.1234678030014038,-0.3403835706558944,-2281752494080.0,0.01,0.01,0.01,0.01,0.01,0.01,0.01,1.0,1.0,1.0,1.0,1.0,1.0,1.0,0.01,0.10385434,0.056921653,0.01,0.01,0.01,0.01,0.3655707,0.077120386,0.06168986,0.01,0.016313136,0.024311554,0.38272995,-0.2037321689353239,0.3484892151733687
2.29,-666769088.0,0.1679904602290004,0.0717285424470901,-0.0276836715638637,-0.1135012954473495,-0.4106130003929138,-2281752494080.0,0.01,0.01,0.01,0.01,0.01,0.01,0.01,1.0,1.0,1.0,1.0,1.0,1.0,1.0,0.01,0.16799046,0.07172854,0.01,0.01,0.01,0.01,0.3655707,0.122160435,0.06779818,0.01,0.015680838,0.02284831,0.38272995,-0.2018159607649871,0.0640428993942655
2.3000000000000003,-666769088.0,0.185500223323251,0.0527902171015739,-0.0403155386447906,-0.0975134521722793,-0.3960671424865722,-2281752494080.0,0.01,0.01,0.01,0.01,0.01,0.01,0.01,1.0,1.0,1.0,1.0,1.0,1.0,1.0,0.01,0.18550022,0.052790217,0.01,0.01,0.01,0.01,0.3655707,0.15448943,0.06692574,0.01,0.015112806,0.021539565,0.38272995,-0.2031088708487943,-0.287960369618797
2.31,-666769088.0,0.1983065423801154,0.043498009443283,-0.0540826506912708,-0.0766419619321823,-0.3764760494232178,-2281752494080.0,0.01,0.01,0.01,0.01,0.01,0.01,0.01,1.0,1.0,1.0,1.0,1.0,1.0,1.0,0.01,0.19830655,0.04349801,0.01,0.01,0.01,0.01,0.3655707,0.18151496,0.06441216,0.01,0.014601982,0.020367235,0.38272995,-0.2081555987867111,-0.663601467697321
2.3200000000000003,-666769088.0,0.1809310370231681,0.0263732112944126,-0.0741133019328117,-0.055828008800745,-0.3568933308124542,-2281752494080.0,0.01,0.01,0.01,0.01,0.01,0.01,0.01,1.0,1.0,1.0,1.0,1.0,1.0,1.0,0.01,0.18093103,0.026373211,0.01,0.01,0.01,0.01,0.3655707,0.18907975,0.060386974,0.01,0.01414318,0.019318053,0.38272995,-0.2166148871533666,-0.9704186720355464
2.33,-666769088.0,0.1582562046598145,-0.002215702086687,-0.1037542968988418,-0.0093644000589847,-0.3102576434612274,-2281752494080.0,0.01,0.01,0.01,0.01,0.01,0.01,0.01,1.0,1.0,1.0,1.0,1.0,1.0,1.0,0.01,0.1582562,0.01,0.01,0.01,0.01,0.01,0.3655707,0.18672621,0.055017486,0.01,0.013730617,0.018377598,0.38272995,-0.2274954083091401,-1.1634465352063654
2.34,-666769088.0,0.1277651982799253,-0.0315542593598365,-0.129351332783699,0.0418922416865825,-0.2509815990924835,-2281752494080.0,0.01,0.01,0.01,0.01,0.01,0.01,0.01,1.0,1.0,1.0,1.0,1.0,1.0,1.0,0.01,0.1277652,0.01,0.01,0.04189224,0.01,0.01,0.3655707,0.1800807,0.050068837,0.01,0.033360418,0.017535605,0.38272995,-0.2396462675625061,-1.225299552073468
2.35,-666769088.0,0.1013460006206573,-0.0596901699900627,-0.1396200209856033,-0.0726669356226921,-0.2343070209026336,-2281752494080.0,0.01,0.01,0.01,0.01,0.01,0.01,0.01,1.0,1.0,1.0,1.0,1.0,1.0,1.0,0.01,0.101346,0.01,0.01,0.01,0.01,0.01,0.3655707,0.17016932,0.045712866,0.01,0.032207344,0.016779603,0.38272995,-0.2511042236030046,-1.046347191279443
2.36,-666769088.0,0.0880145980494587,-0.0781475603580474,-0.1477030217647552,-0.0265909042209386,-0.194798665441348,-2281752494080.0,0.01,0.01,0.01,0.01,0.01,0.01,0.01,1.0,1.0,1.0,1.0,1.0,1.0,1.0,0.01,0.088014595,0.01,0.01,0.01,0.01,0.01,0.3655707,0.15944488,0.041867115,0.01,0.029893234,0.016100295,0.38272995,-0.2597414369372071,-0.7069373583289594
2.37,-666769088.0,0.0501894213082612,-0.0794329345226287,-0.1406046599149704,0.0209207646548748,-0.1414948514194511,-2281752494080.0,0.01,0.01,0.01,0.01,0.01,0.01,0.01,1.0,1.0,1.0,1.0,1.0,1.0,1.0,0.01,0.05018942,0.01,0.01,0.020920765,0.01,0.01,0.3655707,0.14700958,0.038459167,0.01,0.02873071,0.015488895,0.38272995,-0.2648158301792344,-0.373638040397051
2.38,-666769088.0,-0.0082312599511309,-0.0664536729454994,-0.1235062628984451,0.018753882497549,-0.0859925416237967,-2281752494080.0,0.01,0.01,0.01,0.01,0.01,0.01,0.01,1.0,1.0,1.0,1.0,1.0,1.0,1.0,0.01,0.01,0.01,0.01,0.018753882,0.01,0.01,0.3655707,0.13072525,0.035445932,0.01,0.027726367,0.01494048,0.38272995,-0.267108613866693,-0.1307685980349207
2.39,-666769088.0,-0.0817096453293955,-0.0487399995326995,-0.1071990057826042,0.0034023560583591,-0.0173217360635863,-2281752494080.0,0.01,0.01,0.01,0.01,0.01,0.01,0.01,1.0,1.0,1.0,1.0,1.0,1.0,1.0,0.01,0.01,0.01,0.01,0.01,0.01,0.01,0.3655707,0.115132354,0.032771546,0.01,0.026011283,0.014447567,0.38272995,-0.2674694630013233,0.0255692982519498
2.4,-666769088.0,-0.1305358856916427,-0.031510442495346,-0.0939656943082809,-0.0059761181473731,0.0613436181659933,-2281752494080.0,0.01,0.01,0.01,0.01,0.01,0.01,0.01,1.0,1.0,1.0,1.0,1.0,1.0,1.0,0.01,0.01,0.01,0.01,0.01,0.061343618,0.01,0.3655707,0.10197196,0.030395687,0.01,0.024368772,0.035441414,0.38272995,-0.2666802276663352,0.1151661003973604
2.41,-666769088.0,-0.1226531043648719,-0.0195050090551376,-0.0842354893684387,-0.0155855771154165,-0.0122730327331801,-2281752494080.0,0.01,0.01,0.01,0.01,0.01,0.01,0.01,1.0,1.0,1.0,1.0,1.0,1.0,1.0,0.01,0.01,0.01,0.01,0.01,0.01,0.01,0.3655707,0.09075989,0.028280217,0.01,0.022900866,0.03605509,0.38272995,-0.2649347968294015,0.231751287709942
