time,SUP,ECRL,ECRB,ECU,FCR,FCU,PQ,SUP_min,ECRL_min,ECRB_min,ECU_min,FCR_min,FCU_min,PQ_min,SUP_max,ECRL_max,ECRB_max,ECU_max,FCR_max,FCU_max,PQ_max,SUP_exc,ECRL_exc,ECRB_exc,ECU_exc,FCR_exc,FCU_exc,PQ_exc,SUP_act,ECRL_act,ECRB_act,ECU_act,FCR_act,FCU_act,PQ_act,wrist_hand_r3_pos,wrist_hand_r3_vel
0.01,-935365952.0,0.0729405187721678,0.0001555988565087,-0.0214023031294345,-0.1022607386112213,-0.2251972053697955,-2149740052480.0,0.01,0.01,0.01,0.01,0.01,0.01,0.01,1.0,1.0,1.0,1.0,1.0,1.0,1.0,0.01,0.07294052,0.01,0.01,0.01,0.01,0.01,0.19818151,0.06889555,0.062005755,0.010010128,0.0257504,0.03501146,0.43704867,-0.22480875269344,0.7018669229334363
0.02,-935365952.0,0.1514966478662729,0.0395168364048004,-0.0205154307186603,-0.107733130455017,-0.3398454933416838,-2149740052480.0,0.01,0.01,0.01,0.01,0.01,0.01,0.01,1.0,1.0,1.0,1.0,1.0,1.0,1.0,0.01,0.15149665,0.039516836,0.01,0.01,0.01,0.01,0.19818151,0.1067066,0.05904723,0.01000913,0.024135493,0.032387044,0.43704867,-0.2192409720744686,0.4311512068049546
0.03,-935365952.0,0.2295086443480435,0.0664336234331131,-0.0288552306592464,-0.1029944270849227,-0.4056754410266876,-2149740052480.0,0.01,0.01,0.01,0.01,0.01,0.01,0.01,1.0,1.0,1.0,1.0,1.0,1.0,1.0,0.01,0.22950864,0.06643362,0.01,0.01,0.01,0.01,0.19818151,0.16417247,0.063614875,0.010008233,0.02269246,0.030053811,0.43704867,-0.2167569397024009,0.0881868806242602
0.04,-935365952.0,0.2296468292237759,0.0494227483868598,-0.0425200834870338,-0.0892610922455787,-0.3911972343921661,-2149740052480.0,0.01,0.01,0.01,0.01,0.01,0.01,0.01,1.0,1.0,1.0,1.0,1.0,1.0,1.0,0.01,0.22964683,0.04942275,0.01,0.01,0.01,0.01,0.19818151,0.20162357,0.06250061,0.010007422,0.021401187,0.02797534,0.43704867,-0.2183007388203743,-0.3610142862603381
0.05,-935365952.0,0.1926251957426347,0.0367028452455997,-0.0588593818247318,-0.0669540092349052,-0.3693635463714599,-2149740052480.0,0.01,0.01,0.01,0.01,0.01,0.01,0.01,1.0,1.0,1.0,1.0,1.0,1.0,1.0,0.01,0.1926252,0.036702845,0.01,0.01,0.01,0.01,0.19818151,0.21112624,0.05987104,0.01000669,0.020243626,0.026119506,0.43704867,-0.2245982865086404,-0.8193156740933167
0.06,-935365952.0,0.1441491831591871,0.0148427560925483,-0.0836694687604904,-0.041595458984375,-0.3454819917678833,-2149740052480.0,0.01,0.01,0.01,0.01,0.01,0.01,0.01,1.0,1.0,1.0,1.0,1.0,1.0,1.0,0.01,0.14414918,0.014842756,0.01,0.01,0.01,0.01,0.19818151,0.20455512,0.055127323,0.010006033,0.019209068,0.02446698,0.43704867,-0.234549512454838,-1.1037953284353326
0.07,-935365952.0,0.1051828843961221,-0.0177869740873575,-0.1171986758708953,0.0195987373590469,-0.2857998013496399,-2149740052480.0,0.01,0.01,0.01,0.01,0.01,0.01,0.01,1.0,1.0,1.0,1.0,1.0,1.0,1.0,0.01,0.105182886,0.01,0.01,0.019598737,0.01,0.01,0.19818151,0.19202922,0.050212048,0.010005439,0.019454325,0.022989029,0.43704867,-0.2461577559844912,-1.1830788539786494
0.08,-935365952.0,0.0936323553936976,-0.0491742230951786,-0.1343343704938888,0.0439546890556812,-0.1804435778776399,-2149740052480.0,0.01,0.01,0.01,0.01,0.01,0.01,0.01,1.0,1.0,1.0,1.0,1.0,1.0,1.0,0.01,0.093632355,0.01,0.01,0.04395469,0.01,0.01,0.19818151,0.17812084,0.045839187,0.010004904,0.036328852,0.021667568,0.43704867,-0.2576856648605247,-1.0933038354771123
0.09,-935365952.0,0.0274090582341269,-0.0730280131101608,-0.1519018411636352,-0.0405571945011615,-0.0725425788332054,-2149740052480.0,0.01,0.01,0.01,0.01,0.01,0.01,0.01,1.0,1.0,1.0,1.0,1.0,1.0,1.0,0.01,0.027409058,0.01,0.01,0.01,0.01,0.01,0.19818151,0.16069616,0.041981965,0.010004422,0.03475714,0.020484548,0.43704867,-0.267047529300947,-0.7792362140986312
0.1,-935365952.0,-0.0848361047526976,-0.0811886340379715,-0.1475137174129486,-0.0067304167896509,0.024721483056225,-2149740052480.0,0.01,0.01,0.01,0.01,0.01,0.01,0.01,1.0,1.0,1.0,1.0,1.0,1.0,1.0,0.01,0.01,0.01,0.01,0.01,0.024721483,0.01,0.19818151,0.14040612,0.03856531,0.010003986,0.03215856,0.021581564,0.43704867,-0.2724977891184907,-0.3634335888276574
0.1100000000000001,-935365952.0,-0.1408949494361877,-0.0706048458814621,-0.1287551522254943,0.0200484544038772,0.1034754468347849,-2149740052480.0,0.01,0.01,0.01,0.01,0.01,0.01,0.01,1.0,1.0,1.0,1.0,1.0,1.0,1.0,0.01,0.01,0.01,0.01,0.020048454,0.103475444,0.01,0.19818151,0.123262,0.035541266,0.010003594,0.030744268,0.060577344,0.43704867,-0.2739286894653833,0.0223693467779128
0.1200000000000001,-935365952.0,-0.1333295851945877,-0.0487774722278118,-0.1065836697816848,0.0046126246452331,-0.0008923077967491,-2149740052480.0,0.01,0.01,0.01,0.01,0.01,0.01,0.01,1.0,1.0,1.0,1.0,1.0,1.0,1.0,0.01,0.01,0.01,0.01,0.01,0.01,0.01,0.19818151,0.10885738,0.032858282,0.01000324,0.028652519,0.057941973,0.43704867,-0.2716787295986655,0.3823445741097621
0.1299999999999999,-935365952.0,-0.1188131123781204,-0.0229540783911943,-0.0843493267893791,-0.0129363741725683,-0.0138534920472683,-2149740052480.0,0.01,0.01,0.01,0.01,0.01,0.01,0.01,1.0,1.0,1.0,1.0,1.0,1.0,1.0,0.01,0.01,0.01,0.01,0.01,0.01,0.01,0.19818151,0.09662788,0.030471604,0.010002921,0.0267253,0.053213317,0.43704867,-0.266201278178251,0.6589200186526211
0.1399999999999999,-935365952.0,-0.0982139110565185,0.0039221066981554,-0.066911444067955,-0.0321975611150264,-0.0755851790634919,-2149740052480.0,0.01,0.01,0.01,0.01,0.01,0.01,0.01,1.0,1.0,1.0,1.0,1.0,1.0,1.0,0.01,0.01,0.01,0.01,0.01,0.01,0.01,0.19818151,0.08617598,0.028346779,0.010002634,0.025005568,0.048474852,0.43704867,-0.2586653681020788,0.8117944680473133
0.1499999999999999,-935365952.0,-0.0828678905963897,0.0572948306798934,-0.0399092584848403,-0.0506602115929126,-0.1252324568539323,-2149740052480.0,0.01,0.01,0.01,0.01,0.01,0.01,0.01,1.0,1.0,1.0,1.0,1.0,1.0,1.0,0.01,0.01,0.05729483,0.01,0.01,0.01,0.01,0.19818151,0.07719479,0.048117626,0.010002375,0.023470627,0.044306558,0.43704867,-0.2501208878716539,0.8731498480583709
0.1599999999999999,-935365952.0,-0.0216980911867437,-0.003508643945679,-0.0195415541529655,-0.0741664245724678,-0.1423034194275586,-2149740052480.0,0.01,0.01,0.01,0.01,0.01,0.01,0.01,1.0,1.0,1.0,1.0,1.0,1.0,1.0,0.01,0.01,0.01,0.01,0.01,0.01,0.01,0.19818151,0.069414444,0.045801908,0.010002141,0.022096667,0.040622383,0.43704867,-0.2416213480930155,0.8161724122638307
0.1699999999999999,-935365952.0,0.0773106870023254,0.0359946340322494,-0.0264213271439075,-0.0920919179916381,-0.2176672068479211,-2149740052480.0,0.01,0.01,0.01,0.01,0.01,0.01,0.01,1.0,1.0,1.0,1.0,1.0,1.0,1.0,0.01,0.07731069,0.035994634,0.01,0.01,0.01,0.01,0.19818151,0.069450036,0.044381768,0.0100019295,0.02086654,0.037361093,0.43704867,-0.2340750416377327,0.7045099930631054
0.1799999999999999,-935365952.0,0.1564014156905537,0.0724342614412307,-0.0318512842059135,-0.1012186408042907,-0.3396887089568489,-2149740052480.0,0.01,0.01,0.01,0.01,0.01,0.01,0.01,1.0,1.0,1.0,1.0,1.0,1.0,1.0,0.01,0.15640141,0.07243426,0.01,0.01,0.01,0.01,0.19818151,0.10935201,0.06292566,0.01000174,0.019768208,0.034479335,0.43704867,-0.2278268939077034,0.5378005826438527
0.1899999999999999,-935365952.0,0.2366520433504997,0.0264015700668096,-0.0325321294367313,-0.1026220843195915,-0.3971682786941528,-2149740052480.0,0.01,0.01,0.01,0.01,0.01,0.01,0.01,1.0,1.0,1.0,1.0,1.0,1.0,1.0,0.01,0.23665205,0.02640157,0.01,0.01,0.01,0.01,0.19818151,0.16973673,0.060196567,0.010001569,0.018783778,0.031919505,0.43704867,-0.2241246041096732,0.1944563213171322
0.1999999999999999,-935365952.0,0.2281612053876597,0.0431229025125503,-0.0407602675259113,-0.0936561226844787,-0.3885464668273926,-2149740052480.0,0.01,0.01,0.01,0.01,0.01,0.01,0.01,1.0,1.0,1.0,1.0,1.0,1.0,1.0,0.01,0.2281612,0.043122903,0.01,0.01,0.01,0.01,0.19818151,0.20438533,0.058129016,0.010001414,0.017900188,0.029640106,0.43704867,-0.2249135902939846,-0.3260741189149968
0.2099999999999999,-935365952.0,0.1916226684941733,0.0348605774343013,-0.0579675585031509,-0.0713377818465232,-0.3687853515148163,-2149740052480.0,0.01,0.01,0.01,0.01,0.01,0.01,0.01,1.0,1.0,1.0,1.0,1.0,1.0,1.0,0.01,0.19162267,0.034860577,0.01,0.01,0.01,0.01,0.19818151,0.21234307,0.055678736,0.010001276,0.017106371,0.02760678,0.43704867,-0.2312458874809344,-0.861234790618496
0.2199999999999999,-935365952.0,0.1412173404419361,0.0110413646325469,-0.0834067687392234,-0.0439946427941322,-0.3442593514919281,-2149740052480.0,0.01,0.01,0.01,0.01,0.01,0.01,0.01,1.0,1.0,1.0,1.0,1.0,1.0,1.0,0.01,0.14121734,0.011041365,0.01,0.01,0.01,0.01,0.19818151,0.20507212,0.05102042,0.01000115,0.016394516,0.025795192,0.43704867,-0.2418888043165352,-1.1886990455042823
0.2299999999999999,-935365952.0,0.101730584607563,-0.0234595406800508,-0.1230900883674621,0.021930955350399,-0.2801195383071899,-2149740052480.0,0.01,0.01,0.01,0.01,0.01,0.01,0.01,1.0,1.0,1.0,1.0,1.0,1.0,1.0,0.01,0.101730585,0.01,0.01,0.021930955,0.01,0.01,0.19818151,0.19176307,0.046561733,0.010001037,0.020265115,0.024176579,0.43704867,-0.2543741126311206,-1.2616310265405677
0.24,-935365952.0,0.0869904094437489,-0.0592216290533542,-0.1480212211608886,0.0050525553524494,-0.1488672369877177,-2149740052480.0,0.01,0.01,0.01,0.01,0.01,0.01,0.01,1.0,1.0,1.0,1.0,1.0,1.0,1.0,0.01,0.08699041,0.01,0.01,0.01,0.01,0.01,0.19818151,0.17714158,0.042616386,0.010000935,0.019556856,0.022728745,0.43704867,-0.2663991717172088,-1.1356858712296232
0.25,-935365952.0,0.0072226563574423,-0.0845994651317596,-0.1609521359205246,0.0688259303569793,-0.045361613411377,-2149740052480.0,0.01,0.01,0.01,0.01,0.01,0.01,0.01,1.0,1.0,1.0,1.0,1.0,1.0,1.0,0.01,0.01,0.01,0.01,0.06882593,0.01,0.01,0.19818151,0.15752886,0.039134298,0.010000843,0.053972673,0.02143507,0.43704867,-0.2765028250097753,-0.8736571096855912
0.26,-935365952.0,-0.1113118565897449,-0.0946631729602813,-0.1565807461738586,-0.0765932351350784,0.059690251799197,-2149740052480.0,0.01,0.01,0.01,0.01,0.01,0.01,0.01,1.0,1.0,1.0,1.0,1.0,1.0,1.0,0.01,0.01,0.01,0.01,0.01,0.059690252,0.01,0.19818151,0.13757327,0.036051452,0.01000076,0.05121184,0.037379377,0.43704867,-0.2827413330230746,-0.3828370758368692
0.27,-935365952.0,-0.1479808241128921,-0.084758847951889,-0.1373857110738754,-0.029660265892744,0.0664445154436281,-2149740052480.0,0.01,0.01,0.01,0.01,0.01,0.01,0.01,1.0,1.0,1.0,1.0,1.0,1.0,1.0,0.01,0.01,0.01,0.01,0.01,0.066444516,0.01,0.19818151,0.12093244,0.03331521,0.010000685,0.046723373,0.049496606,0.43704867,-0.2832446110066349,0.2316646398947616
0.28,-935365952.0,-0.1369965076446533,-0.0552163198590278,-0.1072525307536125,-0.0188741665333509,0.056302720073507,-2149740052480.0,0.01,0.01,0.01,0.01,0.01,0.01,0.01,1.0,1.0,1.0,1.0,1.0,1.0,1.0,0.01,0.01,0.01,0.01,0.01,0.05630272,0.01,0.19818151,0.106908694,0.030882092,0.010000618,0.042764645,0.05595986,0.43704867,-0.2779011643537922,0.7576148265002738
0.29,-935365952.0,-0.1120961979031562,-0.0200363732874393,-0.0788762494921684,-0.0274429619312286,-0.0218672054119876,-2149740052480.0,0.01,0.01,0.01,0.01,0.01,0.01,0.01,1.0,1.0,1.0,1.0,1.0,1.0,1.0,0.01,0.01,0.01,0.01,0.01,0.01,0.01,0.19818151,0.09500005,0.028716853,0.010000558,0.03926736,0.051619407,0.43704867,-0.2685083899882882,1.053465285023358
0.3,-935365952.0,-0.0776743963360786,0.03964114934206,-0.0400994420051574,-0.0505394861102104,-0.0961604502919882,-2149740052480.0,0.01,0.01,0.01,0.01,0.01,0.01,0.01,1.0,1.0,1.0,1.0,1.0,1.0,1.0,0.01,0.01,0.03964115,0.01,0.01,0.01,0.01,0.19818151,0.08478986,0.036242824,0.010000503,0.036165614,0.047076713,0.43704867,-0.2573379055012286,1.1429901820991455
0.31,-935365952.0,-0.0609304532408714,0.0316465869545936,-0.0025018826127052,-0.076710931956768,-0.1486603068685039,-2149740052480.0,0.01,0.01,0.01,0.01,0.01,0.01,0.01,1.0,1.0,1.0,1.0,1.0,1.0,1.0,0.01,0.01,0.031646587,0.01,0.01,0.01,0.01,0.19818151,0.07598578,0.03626073,0.010000453,0.033410463,0.04306834,0.43704867,-0.2460984126601209,1.0971029850750065
0.32,-935365952.0,0.0166701897592161,0.0958977043628692,0.0021892637014389,-0.0977687314152717,-0.1760248327943851,-2149740052480.0,0.01,0.01,0.01,0.01,0.01,0.01,0.01,1.0,1.0,1.0,1.0,1.0,1.0,1.0,0.01,0.01667019,0.095897704,0.01,0.01,0.01,0.01,0.19818151,0.06866635,0.07716482,0.010000409,0.03096354,0.039529596,0.43704867,-0.2356597416782493,0.9841641935263692
0.33,-935365952.0,0.1114209450923232,-0.0010499600321054,-0.0019944384694099,-0.1109379082918167,-0.2656616660605512,-2149740052480.0,0.01,0.01,0.01,0.01,0.01,0.01,0.01,1.0,1.0,1.0,1.0,1.0,1.0,1.0,0.01,0.111420944,0.01,0.01,0.01,0.01,0.01,0.19818151,0.084529966,0.07211811,0.010000369,0.028788462,0.036400665,0.43704867,-0.2271999145167205,0.7062912142770097
0.3400000000000001,-935365952.0,0.1667248912101588,0.0456203743815422,-0.019685361534357,-0.1130967587232589,-0.3904981592137885,-2149740052480.0,0.01,0.01,0.01,0.01,0.01,0.01,0.01,1.0,1.0,1.0,1.0,1.0,1.0,1.0,0.01,0.16672489,0.045620374,0.01,0.01,0.01,0.01,0.19818151,0.121486716,0.06862226,0.010000332,0.02684787,0.033621922,0.43704867,-0.2223799179088048,0.2892064907070572
0.3500000000000001,-935365952.0,0.2507455575346548,0.0682550370693206,-0.0337250530719757,-0.1012295186519622,-0.4048251807689667,-2149740052480.0,0.01,0.01,0.01,0.01,0.01,0.01,0.01,1.0,1.0,1.0,1.0,1.0,1.0,1.0,0.01,0.25074556,0.06825504,0.01,0.01,0.01,0.01,0.19818151,0.18492468,0.068263985,0.0100003,0.02511663,0.031153241,0.43704867,-0.2219935313822078,-0.1686108297744751
0.3600000000000001,-935365952.0,0.2127246553755112,0.0537137612700462,-0.0520945340394973,-0.0787908136844635,-0.3824932277202606,-2149740052480.0,0.01,0.01,0.01,0.01,0.01,0.01,0.01,1.0,1.0,1.0,1.0,1.0,1.0,1.0,0.01,0.21272466,0.05371376,0.01,0.01,0.01,0.01,0.19818151,0.20597395,0.06678592,0.01000027,0.023568919,0.028954366,0.43704867,-0.2263587905970854,-0.6443646453555107
0.3700000000000001,-935365952.0,0.1759180931029865,0.0290686823427677,-0.0705610737204551,-0.0534189864993095,-0.357715755701065,-2149740052480.0,0.01,0.01,0.01,0.01,0.01,0.01,0.01,1.0,1.0,1.0,1.0,1.0,1.0,1.0,0.01,0.17591809,0.029068682,0.01,0.01,0.01,0.01,0.19818151,0.20706521,0.06279679,0.010000244,0.022186736,0.026997197,0.43704867,-0.2349051527793243,-0.9944317520906328
0.3799999999999999,-935365952.0,0.1250588046890872,-1.6238540410995483e-05,-0.0958897098898887,-0.0125406086444854,-0.3200849592685699,-2149740052480.0,0.01,0.01,0.01,0.01,0.01,0.01,0.01,1.0,1.0,1.0,1.0,1.0,1.0,1.0,0.01,0.1250588,0.01,0.01,0.01,0.01,0.01,0.19818151,0.19802822,0.05710199,0.01000022,0.020949712,0.025250718,0.43704867,-0.2456752633926112,-1.1142814460096
0.3899999999999999,-935365952.0,0.0947577922899347,-0.0317757427692413,-0.1253102421760559,0.0530172809958457,-0.2496794462203979,-2149740052480.0,0.01,0.01,0.01,0.01,0.01,0.01,0.01,1.0,1.0,1.0,1.0,1.0,1.0,1.0,0.01,0.094757795,0.01,0.01,0.05301728,0.01,0.01,0.19818151,0.18439032,0.051900234,0.010000198,0.043099,0.023691041,0.43704867,-0.256666437838231,-1.0500676520327037
0.3999999999999999,-935365952.0,0.0722095632130353,-0.0570533312857151,-0.1459797620773315,-0.0502851456403732,-0.1306392042328817,-2149740052480.0,0.01,0.01,0.01,0.01,0.01,0.01,0.01,1.0,1.0,1.0,1.0,1.0,1.0,1.0,0.01,0.07220957,0.01,0.01,0.01,0.01,0.01,0.19818151,0.17010851,0.04732821,0.010000179,0.04097024,0.022296337,0.43704867,-0.2656658132491762,-0.743776057074469
0.4099999999999999,-935365952.0,-0.0177835485525107,-0.0676168203353881,-0.143900990486145,-0.0150839276611804,-0.03807356744839,-2149740052480.0,0.01,0.01,0.01,0.01,0.01,0.01,0.01,1.0,1.0,1.0,1.0,1.0,1.0,1.0,0.01,0.01,0.01,0.01,0.01,0.01,0.01,0.19818151,0.15074164,0.04328976,0.010000161,0.037670374,0.021045698,0.43704867,-0.2707670552019917,-0.3273827412776485
0.4199999999999999,-935365952.0,-0.1341823386488413,-0.0593461655080318,-0.1257934272289276,0.0113289467990398,0.0606501470783237,-2149740052480.0,0.01,0.01,0.01,0.01,0.01,0.01,0.01,1.0,1.0,1.0,1.0,1.0,1.0,1.0,0.01,0.01,0.01,0.01,0.011328947,0.060650147,0.01,0.19818151,0.131907,0.039728127,0.010000145,0.034873478,0.037657026,0.43704867,-0.2719503398152968,0.0350467023704502
0.4299999999999999,-935365952.0,-0.1273272633552551,-0.0396795086562633,-0.1043355166912078,0.0085756778717041,0.0644296015863213,-2149740052480.0,0.01,0.01,0.01,0.01,0.01,0.01,0.01,1.0,1.0,1.0,1.0,1.0,1.0,1.0,0.01,0.01,0.01,0.01,0.01,0.0644296,0.01,0.19818151,0.116138205,0.036572564,0.010000131,0.03228133,0.049682915,0.43704867,-0.2700241554467785,0.3040274377689064
0.4399999999999999,-935365952.0,-0.1134524494409561,-0.0184229090809822,-0.084534503519535,-0.0075810682028532,0.0179449711665483,-2149740052480.0,0.01,0.01,0.01,0.01,0.01,0.01,0.01,1.0,1.0,1.0,1.0,1.0,1.0,1.0,0.01,0.01,0.01,0.01,0.01,0.017944971,0.01,0.19818151,0.10281933,0.03377309,0.010000118,0.02995866,0.04946845,0.43704867,-0.2658642194006131,0.4938453425168501
0.4499999999999999,-935365952.0,-0.0976252108812332,0.0032868329435586,-0.0716105252504348,-0.0244028959423303,-0.0436410227145781,-2149740052480.0,0.01,0.01,0.01,0.01,0.01,0.01,0.01,1.0,1.0,1.0,1.0,1.0,1.0,1.0,0.01,0.01,0.01,0.01,0.01,0.01,0.01,0.19818151,0.09146868,0.03128396,0.010000106,0.027888658,0.045301635,0.43704867,-0.2601766041351096,0.618011561141188
0.4599999999999999,-935365952.0,-0.0873073488473892,0.0399958230555057,-0.0538783706724643,-0.0388566106557846,-0.1019571422841084,-2149740052480.0,0.01,0.01,0.01,0.01,0.01,0.01,0.01,1.0,1.0,1.0,1.0,1.0,1.0,1.0,0.01,0.01,0.039995823,0.01,0.01,0.01,0.01,0.19818151,0.08172213,0.036915615,0.010000096,0.026040632,0.041495077,0.43704867,-0.2534751729770756,0.7020484923105619
0.47,-935365952.0,-0.079309727758524,0.0191155653446912,-0.0362256541848182,-0.0544296018779277,-0.1331735892274191,-2149740052480.0,0.01,0.01,0.01,0.01,0.01,0.01,0.01,1.0,1.0,1.0,1.0,1.0,1.0,1.0,0.01,0.01,0.019115565,0.01,0.01,0.01,0.01,0.19818151,0.0733188,0.035990696,0.010000086,0.024391256,0.038130008,0.43704867,-0.2462396221543163,0.7317247073007631
0.48,-935365952.0,0.0342827545705228,0.0567353069782257,-0.0260989777743816,-0.071922980248928,-0.1724624081986321,-2149740052480.0,0.01,0.01,0.01,0.01,0.01,0.01,0.01,1.0,1.0,1.0,1.0,1.0,1.0,1.0,0.01,0.034282755,0.056735307,0.01,0.01,0.01,0.01,0.19818151,0.06710648,0.0498044,0.010000078,0.02291997,0.035153985,0.43704867,-0.2388980936042442,0.7308997669420437
0.49,-935365952.0,0.1347413649303971,0.0171952508389949,-0.0214443318545818,-0.0859885513782501,-0.2825065530098437,-2149740052480.0,0.01,0.01,0.01,0.01,0.01,0.01,0.01,1.0,1.0,1.0,1.0,1.0,1.0,1.0,0.01,0.13474137,0.01719525,0.01,0.01,0.01,0.01,0.19818151,0.09566472,0.04788703,0.010000071,0.021605276,0.03251477,0.43704867,-0.2319508084804815,0.6451720616501699
0.5,-935365952.0,0.2042843413329914,0.0520628839731216,-0.0317582450807094,-0.0950603038072586,-0.3953115046024322,-2149740052480.0,0.01,0.01,0.01,0.01,0.01,0.01,0.01,1.0,1.0,1.0,1.0,1.0,1.0,1.0,0.01,0.20428434,0.052062884,0.01,0.01,0.01,0.01,0.19818151,0.14633428,0.050502203,0.010000063,0.020429239,0.030169733,0.43704867,-0.2266439087311576,0.4095110914163977
0.51,-935365952.0,0.2440984523251447,0.0511469803750515,-0.0361166112124919,-0.0950655192136764,-0.3929527401924133,-2149740052480.0,0.01,0.01,0.01,0.01,0.01,0.01,0.01,1.0,1.0,1.0,1.0,1.0,1.0,1.0,0.01,0.24409845,0.05114698,0.01,0.01,0.01,0.01,0.19818151,0.19756894,0.05099209,0.010000057,0.019375732,0.028081505,0.43704867,-0.224677846796822,-0.0103070757731355
0.52,-935365952.0,0.209754876205305,0.0424227192997932,-0.0483047142624855,-0.0823299437761306,-0.3806800544261932,-2149740052480.0,0.01,0.01,0.01,0.01,0.01,0.01,0.01,1.0,1.0,1.0,1.0,1.0,1.0,1.0,0.01,0.20975487,0.04242272,0.01,0.01,0.01,0.01,0.19818151,0.2137384,0.050158776,0.010000051,0.018430335,0.026217433,0.43704867,-0.2277860787822776,-0.5601541411245945
0.53,-935365952.0,0.1679497195377061,0.0207030661404132,-0.0662840008735656,-0.0583774521946907,-0.3592952489852905,-2149740052480.0,0.01,0.01,0.01,0.01,0.01,0.01,0.01,1.0,1.0,1.0,1.0,1.0,1.0,1.0,0.01,0.16794972,0.020703066,0.01,0.01,0.01,0.01,0.19818151,0.21028534,0.047242314,0.010000046,0.017582474,0.02455363,0.43704867,-0.2361300968566933,-1.0222862849844017
0.54,-935365952.0,0.1219793920054954,-0.0063238176517188,-0.0925337076187133,-0.0217372365295887,-0.3244520127773285,-2149740052480.0,0.01,0.01,0.01,0.01,0.01,0.01,0.01,1.0,1.0,1.0,1.0,1.0,1.0,1.0,0.01,0.12197939,0.01,0.01,0.01,0.01,0.01,0.19818151,0.19964905,0.043327887,0.010000042,0.016821863,0.023067417,0.43704867,-0.2476714287134508,-1.2255518428344498
0.55,-935365952.0,0.097681426697626,-0.0431507490575313,-0.1290655881166458,0.053621869534254,-0.208642599701675,-2149740052480.0,0.01,0.01,0.01,0.01,0.01,0.01,0.01,1.0,1.0,1.0,1.0,1.0,1.0,1.0,0.01,0.097681426,0.01,0.01,0.05362187,0.01,0.01,0.19818151,0.18549629,0.039764207,0.010000038,0.04249758,0.021738326,0.43704867,-0.2599761689516966,-1.1908418560848848
0.56,-935365952.0,0.0362321645550657,-0.0751400664448738,-0.1551317572593689,-0.0674456879496574,-0.070830740649132,-2149740052480.0,0.01,0.01,0.01,0.01,0.01,0.01,0.01,1.0,1.0,1.0,1.0,1.0,1.0,1.0,0.01,0.036232166,0.01,0.01,0.01,0.01,0.01,0.19818151,0.16779274,0.036607474,0.010000034,0.04067095,0.020548008,0.43704867,-0.2702971555464785,-0.8636765048907642
0.5700000000000001,-935365952.0,-0.0758119620932275,-0.0894671827554702,-0.1540351212024688,-0.0214586574584245,0.02789096094011,-2149740052480.0,0.01,0.01,0.01,0.01,0.01,0.01,0.01,1.0,1.0,1.0,1.0,1.0,1.0,1.0,0.01,0.01,0.01,0.01,0.01,0.027890962,0.01,0.19818151,0.14636602,0.033804733,0.0100000305,0.037408054,0.02289789,0.43704867,-0.2762851815741139,-0.3788554995524976
0.5800000000000001,-935365952.0,-0.1412754207849502,-0.0798173695802688,-0.1336564123630523,0.0075677148997783,0.0879789318072707,-2149740052480.0,0.01,0.01,0.01,0.01,0.01,0.01,0.01,1.0,1.0,1.0,1.0,1.0,1.0,1.0,0.01,0.01,0.01,0.01,0.01,0.08797893,0.01,0.19818151,0.12821598,0.03131185,0.010000028,0.034512248,0.05216927,0.43704867,-0.2772915628436638,0.101075888985549
0.5900000000000001,-935365952.0,-0.1306716203689575,-0.0538044869899749,-0.1068860664963722,0.0073161087930202,0.0253634195182638,-2149740052480.0,0.01,0.01,0.01,0.01,0.01,0.01,0.01,1.0,1.0,1.0,1.0,1.0,1.0,1.0,0.01,0.01,0.01,0.01,0.01,0.02536342,0.01,0.19818151,0.11305948,0.029098723,0.010000025,0.03194657,0.051971234,0.43704867,-0.274022624761492,0.4986537173180769
0.6000000000000001,-935365952.0,-0.1125668734312057,-0.0245134681463241,-0.0826854854822158,-0.0122419614344835,-0.0035408335330379,-2149740052480.0,0.01,0.01,0.01,0.01,0.01,0.01,0.01,1.0,1.0,1.0,1.0,1.0,1.0,1.0,0.01,0.01,0.01,0.01,0.01,0.01,0.01,0.19818151,0.10022178,0.027125346,0.010000022,0.029662794,0.048598714,0.43704867,-0.2674946193608459,0.7530054933267231
0.6100000000000001,-935365952.0,-0.0885165035724639,0.0083799976855516,-0.0611617192625999,-0.0325479581952095,-0.0730719117417468,-2149740052480.0,0.01,0.01,0.01,0.01,0.01,0.01,0.01,1.0,1.0,1.0,1.0,1.0,1.0,1.0,0.01,0.01,0.01,0.01,0.01,0.01,0.01,0.19818151,0.08926154,0.025363471,0.01000002,0.02762694,0.044413954,0.43704867,-0.2592450924389324,0.8672468257921313
0.6200000000000001,-935365952.0,-0.0739563927054405,0.0682497322559356,-0.0315095074474811,-0.0527874268591403,-0.1270498672723759,-2149740052480.0,0.01,0.01,0.01,0.01,0.01,0.01,0.01,1.0,1.0,1.0,1.0,1.0,1.0,1.0,0.01,0.01,0.06824973,0.01,0.01,0.01,0.01,0.19818151,0.07985295,0.055238295,0.010000018,0.02581155,0.040720697,0.43704867,-0.2503232276632166,0.8953108191124616
0.6299999999999999,-935365952.0,-0.0037544627069767,-0.0269700791686773,-0.0155933052301406,-0.0756299942731857,-0.1508265096293389,-2149740052480.0,0.01,0.01,0.01,0.01,0.01,0.01,0.01,1.0,1.0,1.0,1.0,1.0,1.0,1.0,0.01,0.01,0.01,0.01,0.01,0.01,0.01,0.19818151,0.071718015,0.052630518,0.010000017,0.024189224,0.03745006,0.43704867,-0.2418575651741697,0.7914598588083133
0.6399999999999999,-935365952.0,0.0970568856339055,0.017302444204688,-0.0277243368327617,-0.091439239680767,-0.2345562792287761,-2149740052480.0,0.01,0.01,0.01,0.01,0.01,0.01,0.01,1.0,1.0,1.0,1.0,1.0,1.0,1.0,0.01,0.09705689,0.017302444,0.01,0.01,0.01,0.01,0.19818151,0.07935324,0.048661303,0.010000015,0.02274057,0.034553412,0.43704867,-0.2348529786543934,0.6203287663161942
0.6499999999999999,-935365952.0,0.1643755598491605,0.059081595391035,-0.0236999168992042,-0.0972616374492645,-0.3585123070916385,-2149740052480.0,0.01,0.01,0.01,0.01,0.01,0.01,0.01,1.0,1.0,1.0,1.0,1.0,1.0,1.0,0.01,0.16437556,0.059081595,0.01,0.01,0.01,0.01,0.19818151,0.11790958,0.055169377,0.010000014,0.021443866,0.03197921,0.43704867,-0.2298625616397154,0.3932319744380627
0.6599999999999999,-935365952.0,0.2463758665190362,0.0410590209066867,-0.0382867455482482,-0.0938938856124877,-0.3937228322029114,-2149740052480.0,0.01,0.01,0.01,0.01,0.01,0.01,0.01,1.0,1.0,1.0,1.0,1.0,1.0,1.0,0.01,0.24637587,0.04105902,0.01,0.01,0.01,0.01,0.19818151,0.18030997,0.054390587,0.010000012,0.020283874,0.029691348,0.43704867,-0.2276320692122262,0.0637433453281467
0.6699999999999999,-935365952.0,0.2208082971041919,0.0429304167628288,-0.0498223379254341,-0.0819567814469337,-0.3812747001647949,-2149740052480.0,0.01,0.01,0.01,0.01,0.01,0.01,0.01,1.0,1.0,1.0,1.0,1.0,1.0,1.0,0.01,0.2208083,0.042930417,0.01,0.01,0.01,0.01,0.19818151,0.20687559,0.053105958,0.010000011,0.019244475,0.027653102,0.43704867,-0.2294868259152364,-0.4011787842379559
0.6799999999999999,-935365952.0,0.1864608895683141,0.0268037468194961,-0.0586109794676303,-0.0602631494402885,-0.3610730171203613,-2149740052480.0,0.01,0.01,0.01,0.01,0.01,0.01,0.01,1.0,1.0,1.0,1.0,1.0,1.0,1.0,0.01,0.18646088,0.026803747,0.01,0.01,0.01,0.01,0.19818151,0.21183337,0.05052429,0.01000001,0.018311646,0.025833147,0.43704867,-0.2361807848727309,-0.8581410904767076
0.69,-935365952.0,0.1363164617393552,0.0039401203393936,-0.0844481363892555,-0.0339769683778286,-0.3360009491443634,-2149740052480.0,0.01,0.01,0.01,0.01,0.01,0.01,0.01,1.0,1.0,1.0,1.0,1.0,1.0,1.0,0.01,0.13631646,0.01,0.01,0.01,0.01,0.01,0.19818151,0.20375408,0.046310384,0.010000009,0.017476449,0.024211295,0.43704867,-0.246393782570413,-1.1202444509538991
0.7,-935365952.0,0.1019797139967019,-0.0287387948483228,-0.1180155873298645,0.0296328030526638,-0.2721387445926666,-2149740052480.0,0.01,0.01,0.01,0.01,0.01,0.01,0.01,1.0,1.0,1.0,1.0,1.0,1.0,1.0,0.01,0.10197972,0.01,0.01,0.029632803,0.01,0.01,0.19818151,0.19038789,0.042397946,0.010000008,0.025961,0.022760943,0.43704867,-0.2580349135479063,-1.1634125367333843
0.71,-935365952.0,0.0724252322459149,-0.0610597729682922,-0.1475673019886016,-0.0242835953831672,-0.1217142489787301,-2149740052480.0,0.01,0.01,0.01,0.01,0.01,0.01,0.01,1.0,1.0,1.0,1.0,1.0,1.0,1.0,0.01,0.07242523,0.01,0.01,0.01,0.01,0.01,0.19818151,0.17535245,0.03893819,0.010000007,0.024940103,0.02146293,0.43704867,-0.2688181818995152,-0.9836648680558204
0.72,-935365952.0,-0.0250231693248103,-0.0818149596452713,-0.1547746658325195,0.0359980724751949,-0.015607235700034,-2149740052480.0,0.01,0.01,0.01,0.01,0.01,0.01,0.01,1.0,1.0,1.0,1.0,1.0,1.0,1.0,0.01,0.01,0.01,0.01,0.035998072,0.01,0.01,0.19818151,0.15461148,0.035870638,0.010000006,0.03245175,0.02029976,0.43704867,-0.2770935694288055,-0.6934245113948593
0.73,-935365952.0,-0.1481497585773468,-0.0857726708054542,-0.1458189189434051,-0.0112935174256563,0.0934469540770865,-2149740052480.0,0.01,0.01,0.01,0.01,0.01,0.01,0.01,1.0,1.0,1.0,1.0,1.0,1.0,1.0,0.01,0.01,0.01,0.01,0.01,0.093446955,0.01,0.19818151,0.1351193,0.03315179,0.010000006,0.030919807,0.05409034,0.43704867,-0.281989703735898,-0.3104732523664857
0.74,-935365952.0,-0.1409675776958465,-0.0746199935674667,-0.1285536140203476,0.0083216279745101,0.0314051443815393,-2149740052480.0,0.01,0.01,0.01,0.01,0.01,0.01,0.01,1.0,1.0,1.0,1.0,1.0,1.0,1.0,0.01,0.01,0.01,0.01,0.01,0.031405143,0.01,0.19818151,0.11884938,0.030734872,0.010000005,0.028747953,0.053364296,0.43704867,-0.2825511046246527,0.1528086404826338
0.75,-935365952.0,-0.1327728033065796,-0.0504795312881469,-0.1047976985573768,0.0025533325970172,0.0448446290082649,-2149740052480.0,0.01,0.01,0.01,0.01,0.01,0.01,0.01,1.0,1.0,1.0,1.0,1.0,1.0,1.0,0.01,0.01,0.01,0.01,0.01,0.044844627,0.01,0.19818151,0.105131514,0.028583324,0.010000004,0.026812207,0.058455925,0.43704867,-0.278703696207925,0.5540609383863765
0.76,-935365952.0,-0.1138376146554946,-0.023250076919794,-0.0822020322084426,-0.01825737580657,-0.039206638514519,-2149740052480.0,0.01,0.01,0.01,0.01,0.01,0.01,0.01,1.0,1.0,1.0,1.0,1.0,1.0,1.0,0.01,0.01,0.01,0.01,0.01,0.01,0.01,0.19818151,0.09346593,0.026665367,0.010000004,0.02508475,0.05349603,0.43704867,-0.2716130587971428,0.8100103631073171
0.77,-935365952.0,-0.0899438560009002,0.0162106603384017,-0.0574422180652618,-0.0376938879489898,-0.1011218208851976,-2149740052480.0,0.01,0.01,0.01,0.01,0.01,0.01,0.01,1.0,1.0,1.0,1.0,1.0,1.0,1.0,0.01,0.01,0.01621066,0.01,0.01,0.01,0.01,0.19818151,0.08346573,0.025521258,0.0100000035,0.023540597,0.048725057,0.43704867,-0.26275590537207,0.9318213956907272
0.78,-935365952.0,-0.0508108078995187,0.0716217905282974,-0.025585900992155,-0.0629080533981323,-0.1355362871192557,-2149740052480.0,0.01,0.01,0.01,0.01,0.01,0.01,0.01,1.0,1.0,1.0,1.0,1.0,1.0,1.0,0.01,0.01,0.07162179,0.01,0.01,0.01,0.01,0.19818151,0.07485141,0.057645828,0.0100000035,0.022160312,0.04452601,0.43704867,-0.2531426199276184,0.9661318678637028
0.79,-935365952.0,0.0668310436058972,-0.028868094086647,-0.0107505470514297,-0.087427943944931,-0.1951135292917891,-2149740052480.0,0.01,0.01,0.01,0.01,0.01,0.01,0.01,1.0,1.0,1.0,1.0,1.0,1.0,1.0,0.01,0.066831045,0.01,0.01,0.01,0.01,0.01,0.19818151,0.06993292,0.054801907,0.0100000035,0.020924192,0.04081647,0.43704867,-0.2440198696756626,0.8503025047807743
0.8,-935365952.0,0.1615930913290481,0.0192145518958568,-0.0205566436052322,-0.1032752767205238,-0.314095583255936,-2149740052480.0,0.01,0.01,0.01,0.01,0.01,0.01,0.01,1.0,1.0,1.0,1.0,1.0,1.0,1.0,0.01,0.1615931,0.019214552,0.01,0.01,0.01,0.01,0.19818151,0.1126057,0.050786387,0.010000003,0.019819159,0.03754118,0.43704867,-0.2367009976355704,0.6135929973209493
0.81,-935365952.0,0.2225308928624255,0.0629502236843109,-0.0222339257597923,-0.1062878519296646,-0.3993382155895233,-2149740052480.0,0.01,0.01,0.01,0.01,0.01,0.01,0.01,1.0,1.0,1.0,1.0,1.0,1.0,1.0,0.01,0.22253089,0.06295022,0.01,0.01,0.01,0.01,0.19818151,0.16293736,0.058564488,0.010000003,0.018828938,0.034637857,0.43704867,-0.232475532809315,0.2378903478654298
0.8200000000000001,-935365952.0,0.2456643590534399,0.0379670225083828,-0.0434684753417968,-0.0957798734307289,-0.3895862698554992,-2149740052480.0,0.01,0.01,0.01,0.01,0.01,0.01,0.01,1.0,1.0,1.0,1.0,1.0,1.0,1.0,0.01,0.24566436,0.037967023,0.01,0.01,0.01,0.01,0.19818151,0.2082376,0.056959298,0.010000003,0.017940585,0.032058164,0.43704867,-0.2328500655321317,-0.2842985559079575
0.8300000000000001,-935365952.0,0.2018237021987138,0.0310365669429302,-0.0593947917222976,-0.0722344070672988,-0.3689786493778229,-2149740052480.0,0.01,0.01,0.01,0.01,0.01,0.01,0.01,1.0,1.0,1.0,1.0,1.0,1.0,1.0,0.01,0.2018237,0.031036567,0.01,0.01,0.01,0.01,0.19818151,0.21850805,0.054193176,0.010000002,0.017142253,0.029759554,0.43704867,-0.2388436943877117,-0.8330966797493964
0.8400000000000001,-935365952.0,0.1528567629052729,0.0082396985962986,-0.0782631635665893,-0.0442383848130703,-0.3441523909568786,-2149740052480.0,0.01,0.01,0.01,0.01,0.01,0.01,0.01,1.0,1.0,1.0,1.0,1.0,1.0,1.0,0.01,0.15285677,0.01,0.01,0.01,0.01,0.01,0.19818151,0.21202472,0.04956031,0.010000002,0.016426899,0.027715972,0.43704867,-0.2493301863112323,-1.1866931837685686
0.8500000000000001,-935365952.0,0.1082985585653034,-0.0251454897224903,-0.1183161661028862,0.0173250176012516,-0.2857432067394256,-2149740052480.0,0.01,0.01,0.01,0.01,0.01,0.01,0.01,1.0,1.0,1.0,1.0,1.0,1.0,1.0,0.01,0.108298555,0.01,0.01,0.017325018,0.01,0.01,0.19818151,0.19875652,0.045265764,0.010000002,0.017040908,0.025892245,0.43704867,-0.2619132564776151,-1.2857133704987933
0.8600000000000001,-935365952.0,0.086122665176974,-0.0624531209468841,-0.1539371311664581,0.0506877452135086,-0.1393140994325518,-2149740052480.0,0.01,0.01,0.01,0.01,0.01,0.01,0.01,1.0,1.0,1.0,1.0,1.0,1.0,1.0,0.01,0.08612266,0.01,0.01,0.050687745,0.01,0.01,0.19818151,0.18318596,0.0414772,0.010000002,0.04048635,0.024264159,0.43704867,-0.2743960230580129,-1.1784203679349694
0.8700000000000001,-935365952.0,0.0005989878336428,-0.0907401964068412,-0.1674487888813018,-0.0553409531712532,-0.0244583694840533,-2149740052480.0,0.01,0.01,0.01,0.01,0.01,0.01,0.01,1.0,1.0,1.0,1.0,1.0,1.0,1.0,0.01,0.01,0.01,0.01,0.01,0.01,0.01,0.19818151,0.16242467,0.03812581,0.010000002,0.038712643,0.022808718,0.43704867,-0.2843683319691387,-0.8143622239250707
0.8799999999999999,-935365952.0,-0.1188351700174339,-0.0995656326413154,-0.1590714752674102,-0.0138419130817055,0.0769715395185162,-2149740052480.0,0.01,0.01,0.01,0.01,0.01,0.01,0.01,1.0,1.0,1.0,1.0,1.0,1.0,1.0,0.01,0.01,0.01,0.01,0.01,0.07697154,0.01,0.19818151,0.14157203,0.035151817,0.010000002,0.035672255,0.04648759,0.43704867,-0.2897930867055945,-0.3184814913635795
0.8899999999999999,-935365952.0,-0.1437479108572006,-0.0854929313063621,-0.1357864290475845,0.0125987753272056,0.0531498846686439,-2149740052480.0,0.01,0.01,0.01,0.01,0.01,0.01,0.01,1.0,1.0,1.0,1.0,1.0,1.0,1.0,0.01,0.01,0.01,0.01,0.012598775,0.053149886,0.01,0.19818151,0.12426325,0.03251396,0.010000001,0.033225466,0.049513828,0.43704867,-0.2900592337777328,0.2066023465959562
0.8999999999999999,-935365952.0,-0.1332456320524215,-0.0563722401857376,-0.1075809448957443,0.0066662821918725,0.0697357556253542,-2149740052480.0,0.01,0.01,0.01,0.01,0.01,0.01,0.01,1.0,1.0,1.0,1.0,1.0,1.0,1.0,0.01,0.01,0.01,0.01,0.01,0.06973576,0.01,0.19818151,0.10972468,0.03016908,0.010000001,0.030828642,0.06554286,0.43704867,-0.2856265219110695,0.6155790696735408
0.91,-935365952.0,-0.111602708697319,-0.0255538169294595,-0.0833603516221046,-0.0139783853664994,-0.0356837663852515,-2149740052480.0,0.01,0.01,0.01,0.01,0.01,0.01,0.01,1.0,1.0,1.0,1.0,1.0,1.0,1.0,0.01,0.01,0.01,0.01,0.01,0.01,0.01,0.19818151,0.097393535,0.028080614,0.010000001,0.028668337,0.060318228,0.43704867,-0.2779894249398505,0.8606398285745535
0.92,-935365952.0,-0.085002563893795,0.0181719064712524,-0.055539533495903,-0.033715471625328,-0.0969054208656686,-2149740052480.0,0.01,0.01,0.01,0.01,0.01,0.01,0.01,1.0,1.0,1.0,1.0,1.0,1.0,1.0,0.01,0.01,0.018171906,0.01,0.01,0.01,0.01,0.19818151,0.08683462,0.026975146,0.010000001,0.026739696,0.054710254,0.43704867,-0.2686894073413122,0.9716063891455504
0.93,-935365952.0,-0.0712907165288925,0.0751279443502426,-0.0226229317486286,-0.059072121977806,-0.1371798797126232,-2149740052480.0,0.01,0.01,0.01,0.01,0.01,0.01,0.01,1.0,1.0,1.0,1.0,1.0,1.0,1.0,0.01,0.01,0.075127944,0.01,0.01,0.01,0.01,0.19818151,0.07776008,0.060430616,0.010000001,0.025019404,0.04979371,0.43704867,-0.2587170690018341,0.998426221076297
0.94,-935365952.0,0.0440497251053782,-0.0276212356984615,-0.0095511600375175,-0.0833729803562164,-0.176342297234774,-2149740052480.0,0.01,0.01,0.01,0.01,0.01,0.01,0.01,1.0,1.0,1.0,1.0,1.0,1.0,1.0,0.01,0.044049725,0.01,0.01,0.01,0.01,0.01,0.19818151,0.0714256,0.057345245,0.010000001,0.02348148,0.04546432,0.43704867,-0.2493410610809792,0.8694007557613559
0.95,-935365952.0,0.1398950670314159,0.0212287679314613,-0.0119282007217407,-0.0991497635841369,-0.2834194491273172,-2149740052480.0,0.01,0.01,0.01,0.01,0.01,0.01,0.01,1.0,1.0,1.0,1.0,1.0,1.0,1.0,0.01,0.13989507,0.021228768,0.01,0.01,0.01,0.01,0.19818151,0.10053317,0.053194415,0.010000001,0.022107257,0.041647952,0.43704867,-0.2419113707134577,0.6284409096120984
0.96,-935365952.0,0.2036881172146961,0.0669000148773193,-0.0327620841562747,-0.1022306010127067,-0.3986445963382721,-2149740052480.0,0.01,0.01,0.01,0.01,0.01,0.01,0.01,1.0,1.0,1.0,1.0,1.0,1.0,1.0,0.01,0.20368811,0.066900015,0.01,0.01,0.01,0.01,0.19818151,0.14818196,0.06182234,0.010000001,0.020878084,0.03827526,0.43704867,-0.2373486740472478,0.2985252975382334
0.97,-935365952.0,0.2509624419522606,0.0392815694212913,-0.0373138710856437,-0.0934133976697921,-0.3887124359607696,-2149740052480.0,0.01,0.01,0.01,0.01,0.01,0.01,0.01,1.0,1.0,1.0,1.0,1.0,1.0,1.0,0.01,0.25096244,0.03928157,0.01,0.01,0.01,0.01,0.19818151,0.2011968,0.060151618,0.010000001,0.019777011,0.035286043,0.43704867,-0.2367979269260606,-0.1608417615568743
0.98,-935365952.0,0.2104154275166873,0.0359861180186271,-0.0558163672685623,-0.0733898729085922,-0.3701644837856293,-2149740052480.0,0.01,0.01,0.01,0.01,0.01,0.01,0.01,1.0,1.0,1.0,1.0,1.0,1.0,1.0,0.01,0.21041542,0.035986118,0.01,0.01,0.01,0.01,0.19818151,0.21629159,0.05748948,0.010000001,0.01878915,0.032629322,0.43704867,-0.2413783016232576,-0.6853868998082474
0.99,-935365952.0,0.1656533903223471,0.0149133838713169,-0.0797040984034538,-0.0480256713926792,-0.3475612103939056,-2149740052480.0,0.01,0.01,0.01,0.01,0.01,0.01,0.01,1.0,1.0,1.0,1.0,1.0,1.0,1.0,0.01,0.1656534,0.014913384,0.01,0.01,0.01,0.01,0.19818151,0.21216808,0.053007595,0.010000001,0.017904893,0.03027164,0.43704867,-0.2505382655920584,-1.0696520036177208
1.0,-935365952.0,0.1174963965896955,-0.0137377316132187,-0.111691877245903,-0.0025408938527107,-0.3040558099746704,-2149740052480.0,0.01,0.01,0.01,0.01,0.01,0.01,0.01,1.0,1.0,1.0,1.0,1.0,1.0,1.0,0.01,0.11749639,0.01,0.01,0.01,0.01,0.01,0.19818151,0.20068438,0.04835471,0.010000001,0.017111411,0.028171921,0.43704867,-0.2621212774762108,-1.1974824390575858
1.0099999999999998,-935365952.0,0.0935382960908948,-0.049291405826807,-0.1461148709058761,0.0635571479797363,-0.1790186913863325,-2149740052480.0,0.01,0.01,0.01,0.01,0.01,0.01,0.01,1.0,1.0,1.0,1.0,1.0,1.0,1.0,0.01,0.0935383,0.01,0.01,0.06355715,0.01,0.01,0.19818151,0.18576506,0.04420598,0.010000001,0.04957932,0.0263004,0.43704867,-0.2738551514538652,-1.109461831324923
1.02,-935365952.0,0.0240743085613069,-0.0774650797247886,-0.16120545566082,-0.0777631551027298,-0.0497261274421289,-2149740052480.0,0.01,0.01,0.01,0.01,0.01,0.01,0.01,1.0,1.0,1.0,1.0,1.0,1.0,1.0,0.01,0.024074309,0.01,0.01,0.01,0.01,0.01,0.19818151,0.16663632,0.04054132,0.010000001,0.047113657,0.024629107,0.43704867,-0.2831029166918719,-0.7332177038318001
1.0299999999999998,-935365952.0,-0.0893388262625402,-0.0870405286550521,-0.1535330414772033,-0.0226858165115118,0.0494016152587655,-2149740052480.0,0.01,0.01,0.01,0.01,0.01,0.01,0.01,1.0,1.0,1.0,1.0,1.0,1.0,1.0,0.01,0.01,0.01,0.01,0.01,0.049401615,0.01,0.19818151,0.14524235,0.037294827,0.010000001,0.043105915,0.03404218,0.43704867,-0.287636549015751,-0.220289014363174
1.04,-935365952.0,-0.1377462446689605,-0.0735503435134887,-0.130006730556488,-0.0024765972048044,0.0849764634625969,-2149740052480.0,0.01,0.01,0.01,0.01,0.01,0.01,0.01,1.0,1.0,1.0,1.0,1.0,1.0,1.0,0.01,0.01,0.01,0.01,0.01,0.084976465,0.01,0.19818151,0.12730187,0.03441423,0.01,0.039562456,0.056998968,0.43704867,-0.2869589453364714,0.2819214823648613
1.0499999999999998,-935365952.0,-0.1253425776958465,-0.044846910983324,-0.1014394536614418,-0.002078915014863,0.0431765496055678,-2149740052480.0,0.01,0.01,0.01,0.01,0.01,0.01,0.01,1.0,1.0,1.0,1.0,1.0,1.0,1.0,0.01,0.01,0.01,0.01,0.01,0.04317655,0.01,0.19818151,0.11228769,0.03185931,0.01,0.03642965,0.058620222,0.43704867,-0.2819239159352154,0.6629775877111767
1.06,-935365952.0,-0.1018104180693626,-0.0164276268333196,-0.0789600983262062,-0.0175089724361896,-0.0109783048194586,-2149740052480.0,0.01,0.01,0.01,0.01,0.01,0.01,0.01,1.0,1.0,1.0,1.0,1.0,1.0,1.0,0.01,0.01,0.01,0.01,0.01,0.01,0.01,0.19818151,0.09957359,0.029586142,0.01,0.03365011,0.054390304,0.43704867,-0.2740295077954689,0.8669169407393533
1.0699999999999998,-935365952.0,-0.0766477733850479,0.0344854593276977,-0.0493464395403862,-0.0349350981414318,-0.0826936371288161,-2149740052480.0,0.01,0.01,0.01,0.01,0.01,0.01,0.01,1.0,1.0,1.0,1.0,1.0,1.0,1.0,0.01,0.01,0.03448546,0.01,0.01,0.01,0.01,0.19818151,0.08869736,0.032924607,0.01,0.031175412,0.049508322,0.43704867,-0.26487850536444,0.9380350936803618
1.08,-935365952.0,-0.0676747038960456,0.0393674299120903,-0.0209697559475898,-0.0588970333337783,-0.132482490185034,-2149740052480.0,0.01,0.01,0.01,0.01,0.01,0.01,0.01,1.0,1.0,1.0,1.0,1.0,1.0,1.0,0.01,0.01,0.03936743,0.01,0.01,0.01,0.01,0.19818151,0.07934464,0.03738929,0.01,0.028971002,0.045207985,0.43704867,-0.2554857680159751,0.9314194251288218
1.09,-935365952.0,0.0302284710866817,0.042851835489273,-0.0126989260315895,-0.0793203562498092,-0.1682469351601346,-2149740052480.0,0.01,0.01,0.01,0.01,0.01,0.01,0.01,1.0,1.0,1.0,1.0,1.0,1.0,1.0,0.01,0.030228471,0.042851835,0.01,0.01,0.01,0.01,0.19818151,0.071885124,0.041184608,0.01,0.027001595,0.041403625,0.43704867,-0.2464735967532278,0.8762508052517931
1.1,-935365952.0,0.1321814093282762,0.0522961989045143,-0.0128713883459568,-0.0938542112708091,-0.269355007791043,-2149740052480.0,0.01,0.01,0.01,0.01,0.01,0.01,0.01,1.0,1.0,1.0,1.0,1.0,1.0,1.0,0.01,0.1321814,0.0522962,0.01,0.01,0.01,0.01,0.19818151,0.095331214,0.04829109,0.01,0.025248908,0.038048565,0.43704867,-0.23818074893513,0.7853747281176471
1.11,-935365952.0,0.1940211653425566,0.0426385290920734,-0.0156348422169685,-0.1022226065397262,-0.4031350612640381,-2149740052480.0,0.01,0.01,0.01,0.01,0.01,0.01,0.01,1.0,1.0,1.0,1.0,1.0,1.0,1.0,0.01,0.19402117,0.04263853,0.01,0.01,0.01,0.01,0.19818151,0.14076151,0.048192658,0.01,0.023689777,0.035088275,0.43704867,-0.2314821727649644,0.5437207211437874
1.12,-935365952.0,0.2621274109297939,0.0651014968752861,-0.0315738953649997,-0.1023157238960266,-0.4006583392620086,-2149740052480.0,0.01,0.01,0.01,0.01,0.01,0.01,0.01,1.0,1.0,1.0,1.0,1.0,1.0,1.0,0.01,0.2621274,0.0651015,0.01,0.01,0.01,0.01,0.19818151,0.2029409,0.059384067,0.01,0.022295613,0.032459565,0.43704867,-0.2281986584872259,0.1136652697804513
1.13,-935365952.0,0.22347381568195,0.0288410913199186,-0.0456077046692371,-0.0896833688020706,-0.388336569070816,-2149740052480.0,0.01,0.01,0.01,0.01,0.01,0.01,0.01,1.0,1.0,1.0,1.0,1.0,1.0,1.0,0.01,0.22347382,0.028841091,0.01,0.01,0.01,0.01,0.19818151,0.22167613,0.05674113,0.01,0.021047037,0.03011985,0.43704867,-0.2303542003968507,-0.4990498165890319
1.14,-935365952.0,0.1843647898930988,0.0208716001361608,-0.064622551202774,-0.0626016929745674,-0.3633140027523041,-2149740052480.0,0.01,0.01,0.01,0.01,0.01,0.01,0.01,1.0,1.0,1.0,1.0,1.0,1.0,1.0,0.01,0.1843648,0.0208716,0.01,0.01,0.01,0.01,0.19818151,0.22023048,0.052861463,0.01,0.019929387,0.028037107,0.43704867,-0.2384846753691902,-1.0389588218240224
1.15,-935365952.0,0.1325740099152808,-0.0044732606038451,-0.090725690126419,-0.0293985400348901,-0.3329152464866638,-2149740052480.0,0.01,0.01,0.01,0.01,0.01,0.01,0.01,1.0,1.0,1.0,1.0,1.0,1.0,1.0,0.01,0.132574,0.01,0.01,0.01,0.01,0.01,0.19818151,0.20974281,0.048275426,0.01,0.018927952,0.026180167,0.43704867,-0.2504272568075243,-1.2771368077257892
1.16,-935365952.0,0.1013718230464967,-0.0425681434571743,-0.1321044117212295,0.0529565848410129,-0.2106354225221604,-2149740052480.0,0.01,0.01,0.01,0.01,0.01,0.01,0.01,1.0,1.0,1.0,1.0,1.0,1.0,1.0,0.01,0.101371825,0.01,0.01,0.052956585,0.01,0.01,0.19818151,0.19467185,0.044134926,0.01,0.04257036,0.024521686,0.43704867,-0.2632001887554929,-1.2301403070860069
1.17,-935365952.0,0.0332764418135495,-0.0757820829749107,-0.1595247089862823,-0.0520277395844459,-0.0529075851140133,-2149740052480.0,0.01,0.01,0.01,0.01,0.01,0.01,0.01,1.0,1.0,1.0,1.0,1.0,1.0,1.0,0.01,0.033276442,0.01,0.01,0.01,0.01,0.01,0.19818151,0.17519088,0.040477343,0.01,0.040592305,0.023039013,0.43704867,-0.2738217207684487,-0.8850437446254016
1.1800000000000002,-935365952.0,-0.081442358121869,-0.0904772281646728,-0.1576115489006042,-0.0102579519152641,0.0488072566190407,-2149740052480.0,0.01,0.01,0.01,0.01,0.01,0.01,0.01,1.0,1.0,1.0,1.0,1.0,1.0,1.0,0.01,0.01,0.01,0.01,0.01,0.048807256,0.01,0.19818151,0.15241641,0.037238218,0.01,0.03734006,0.032988057,0.43704867,-0.2799832297775037,-0.390301186889598
1.19,-935365952.0,-0.1379312574863433,-0.0810514837503433,-0.1365056335926056,0.0217990912497043,0.0776496105351807,-2149740052480.0,0.01,0.01,0.01,0.01,0.01,0.01,0.01,1.0,1.0,1.0,1.0,1.0,1.0,1.0,0.01,0.01,0.01,0.01,0.021799091,0.07764961,0.01,0.19818151,0.13327941,0.03436441,0.01,0.035499845,0.052993648,0.43704867,-0.2810679874980449,0.1053371633038335
1.2000000000000002,-935365952.0,-0.1273715496063232,-0.0549230650067329,-0.1089835166931152,0.0092894546687603,0.0532649249999058,-2149740052480.0,0.01,0.01,0.01,0.01,0.01,0.01,0.01,1.0,1.0,1.0,1.0,1.0,1.0,1.0,0.01,0.01,0.01,0.01,0.01,0.053264923,0.01,0.19818151,0.11730507,0.031813417,0.01,0.03296256,0.05599029,0.43704867,-0.2777016954892867,0.5037498853475457
1.21,-935365952.0,-0.108600728213787,-0.0248289909213781,-0.0839309766888618,-0.0105820540338754,-0.0011280750067714,-2149740052480.0,0.01,0.01,0.01,0.01,0.01,0.01,0.01,1.0,1.0,1.0,1.0,1.0,1.0,1.0,0.01,0.01,0.01,0.01,0.01,0.01,0.01,0.19818151,0.10383227,0.02954503,0.01,0.03056787,0.052696038,0.43704867,-0.271200802378737,0.744348394024433
1.2200000000000002,-935365952.0,-0.0848383158445358,0.008294990286231,-0.0625336170196533,-0.0303893126547336,-0.0736815083193802,-2149740052480.0,0.01,0.01,0.01,0.01,0.01,0.01,0.01,1.0,1.0,1.0,1.0,1.0,1.0,1.0,0.01,0.01,0.01,0.01,0.01,0.01,0.01,0.19818151,0.092351586,0.027522316,0.01,0.028433861,0.048023153,0.43704867,-0.2631255140260094,0.8435494858881021
1.23,-935365952.0,-0.071689486503601,0.0669461265206337,-0.0339968390762805,-0.0496499687433242,-0.1243336557432219,-2149740052480.0,0.01,0.01,0.01,0.01,0.01,0.01,0.01,1.0,1.0,1.0,1.0,1.0,1.0,1.0,0.01,0.01,0.06694613,0.01,0.01,0.01,0.01,0.19818151,0.08251519,0.054720048,0.01,0.026531931,0.043908343,0.43704867,-0.2544996436095159,0.8625324620299963
1.2400000000000002,-935365952.0,0.0289905522526306,-0.0192495770752429,-0.0189684592187404,-0.0712943524122238,-0.1610569130436072,-2149740052480.0,0.01,0.01,0.01,0.01,0.01,0.01,0.01,1.0,1.0,1.0,1.0,1.0,1.0,1.0,0.01,0.028990552,0.01,0.01,0.01,0.01,0.01,0.19818151,0.074853964,0.052147113,0.01,0.024832532,0.040270325,0.43704867,-0.2463552518838055,0.7612105684477993
1.25,-935365952.0,0.131440557189449,0.0201230160892009,-0.0190590284764766,-0.0862514972686767,-0.2617852080086524,-2149740052480.0,0.01,0.01,0.01,0.01,0.01,0.01,0.01,1.0,1.0,1.0,1.0,1.0,1.0,1.0,0.01,0.13144055,0.020123016,0.01,0.01,0.01,0.01,0.19818151,0.09662292,0.048498068,0.01,0.023315439,0.03705344,0.43704867,-0.2396682766376341,0.5888173035526362
1.2599999999999998,-935365952.0,0.1958539249489806,0.0600271038711071,-0.0245422534644603,-0.0916957706212997,-0.3923581794594181,-2149740052480.0,0.01,0.01,0.01,0.01,0.01,0.01,0.01,1.0,1.0,1.0,1.0,1.0,1.0,1.0,0.01,0.19585392,0.060027104,0.01,0.01,0.01,0.01,0.19818151,0.14231694,0.055729404,0.01,0.021959206,0.034201838,0.43704867,-0.2350644860801485,0.3399265424885701
1.27,-935365952.0,0.2574422643823589,0.0363885313272476,-0.0374400652945041,-0.088015928864479,-0.3865203857421875,-2149740052480.0,0.01,0.01,0.01,0.01,0.01,0.01,0.01,1.0,1.0,1.0,1.0,1.0,1.0,1.0,0.01,0.25744227,0.03638853,0.01,0.01,0.01,0.01,0.19818151,0.20103374,0.05416501,0.01,0.02074676,0.031671792,0.43704867,-0.2336867452820742,-0.0586656445409951
1.2799999999999998,-935365952.0,0.2172857420166773,0.0366982221603393,-0.0553807504475116,-0.0741524770855903,-0.3726513087749481,-2149740052480.0,0.01,0.01,0.01,0.01,0.01,0.01,0.01,1.0,1.0,1.0,1.0,1.0,1.0,1.0,0.01,0.21728574,0.036698222,0.01,0.01,0.01,0.01,0.19818151,0.21739614,0.052239154,0.01,0.019659888,0.02941878,0.43704867,-0.2370726937580804,-0.5747806415027579
1.29,-935365952.0,0.1769408620112204,0.0175561849027872,-0.0679912194609642,-0.0521977022290229,-0.3527862727642059,-2149740052480.0,0.01,0.01,0.01,0.01,0.01,0.01,0.01,1.0,1.0,1.0,1.0,1.0,1.0,1.0,0.01,0.17694086,0.017556185,0.01,0.01,0.01,0.01,0.19818151,0.2147327,0.04866457,0.01,0.018685836,0.027411655,0.43704867,-0.2453300183772567,-1.0013541995736022
1.3000000000000005,-935365952.0,0.1267905241367578,-0.0080557223409414,-0.0996104478836059,-0.0148877464234828,-0.3169436454772949,-2149740052480.0,0.01,0.01,0.01,0.01,0.01,0.01,0.01,1.0,1.0,1.0,1.0,1.0,1.0,1.0,0.01,0.12679052,0.01,0.01,0.01,0.01,0.01,0.19818151,0.20432472,0.044552386,0.01,0.017812492,0.025621643,0.43704867,-0.2565413630285506,-1.1844912546802424
1.31,-935365952.0,0.0984861535817125,-0.0438439175486564,-0.1369452625513076,0.0552310012280941,-0.1976748354967538,-2149740052480.0,0.01,0.01,0.01,0.01,0.01,0.01,0.01,1.0,1.0,1.0,1.0,1.0,1.0,1.0,0.01,0.098486155,0.01,0.01,0.055231,0.01,0.01,0.19818151,0.18972991,0.04084739,0.01,0.04387643,0.024022616,0.43704867,-0.26837994443839,-1.1408634108890203
1.3199999999999998,-935365952.0,0.0295881421783776,-0.0745341330766677,-0.1577014476060867,-0.0627676472067833,-0.0551074969867205,-2149740052480.0,0.01,0.01,0.01,0.01,0.01,0.01,0.01,1.0,1.0,1.0,1.0,1.0,1.0,1.0,0.01,0.029588142,0.01,0.01,0.01,0.01,0.01,0.19818151,0.17063546,0.03756912,0.01,0.04176738,0.022593133,0.43704867,-0.2782186855185194,-0.8157378811701044
1.33,-935365952.0,-0.0854140078289068,-0.0880976989865303,-0.1545541882514953,-0.0181078724563121,0.0489377065276877,-2149740052480.0,0.01,0.01,0.01,0.01,0.01,0.01,0.01,1.0,1.0,1.0,1.0,1.0,1.0,1.0,0.01,0.01,0.01,0.01,0.01,0.04893771,0.01,0.19818151,0.14861213,0.034660187,0.01,0.038381178,0.03275964,0.43704867,-0.2838163823319823,-0.3412134627603774
1.34,-935365952.0,-0.1382838636636734,-0.0788398087024688,-0.1342239379882812,0.0088300053030252,0.0807285690162269,-2149740052480.0,0.01,0.01,0.01,0.01,0.01,0.01,0.01,1.0,1.0,1.0,1.0,1.0,1.0,1.0,0.01,0.01,0.01,0.01,0.01,0.08072857,0.01,0.19818151,0.13011251,0.03207457,0.01,0.035378158,0.0544381,0.43704867,-0.2844457889388128,0.1494867822760094
1.35,-935365952.0,-0.1280288398265838,-0.0531483143568038,-0.1072976291179657,0.0080799497663974,0.0447706112510868,-2149740052480.0,0.01,0.01,0.01,0.01,0.01,0.01,0.01,1.0,1.0,1.0,1.0,1.0,1.0,1.0,0.01,0.01,0.01,0.01,0.01,0.04477061,0.01,0.19818151,0.11464285,0.02977647,0.01,0.032714505,0.056650516,0.43704867,-0.2806412056913362,0.5478660208422842
1.36,-935365952.0,-0.1081554666161537,-0.0246294513344764,-0.083429031074047,-0.0114723052829504,-0.0072371781333855,-2149740052480.0,0.01,0.01,0.01,0.01,0.01,0.01,0.01,1.0,1.0,1.0,1.0,1.0,1.0,1.0,0.01,0.01,0.01,0.01,0.01,0.01,0.01,0.19818151,0.1015781,0.027730862,0.01,0.030347796,0.052862555,0.43704867,-0.2737052813637366,0.7887752856119611
1.37,-935365952.0,-0.0837956517934799,0.0129406712949275,-0.0596358701586723,-0.0313083566725254,-0.0780693915459274,-2149740052480.0,0.01,0.01,0.01,0.01,0.01,0.01,0.01,1.0,1.0,1.0,1.0,1.0,1.0,1.0,0.01,0.01,0.012940671,0.01,0.01,0.01,0.01,0.19818151,0.09042009,0.026177201,0.01,0.028237123,0.04816801,0.43704867,-0.2651577023396623,0.8933385661107112
1.38,-935365952.0,-0.070924125611782,0.0709687620401382,-0.029328491538763,-0.0525936856865882,-0.1279001889216693,-2149740052480.0,0.01,0.01,0.01,0.01,0.01,0.01,0.01,1.0,1.0,1.0,1.0,1.0,1.0,1.0,0.01,0.01,0.07096876,0.01,0.01,0.01,0.01,0.19818151,0.08085058,0.057319485,0.01,0.026356004,0.044035107,0.43704867,-0.2560017329702497,0.9160919902275202
1.39,-935365952.0,0.0361134909371056,-0.0282249879091978,-0.0150583609938621,-0.0752724409103393,-0.1676686430361942,-2149740052480.0,0.01,0.01,0.01,0.01,0.01,0.01,0.01,1.0,1.0,1.0,1.0,1.0,1.0,1.0,0.01,0.03611349,0.01,0.01,0.01,0.01,0.01,0.19818151,0.07374227,0.05453677,0.01,0.024675516,0.040382564,0.43704867,-0.2473852788811565,0.8011211686749534
1.4,-935365952.0,0.1370544068095192,0.0169310681521892,-0.0162835791707038,-0.0905882567167282,-0.2719543589800214,-2149740052480.0,0.01,0.01,0.01,0.01,0.01,0.01,0.01,1.0,1.0,1.0,1.0,1.0,1.0,1.0,0.01,0.13705441,0.016931068,0.01,0.01,0.01,0.01,0.19818151,0.09937457,0.05030458,0.01,0.023175003,0.037152696,0.43704867,-0.2404595291897623,0.5971241226759585
1.41,-935365952.0,0.2007802844617859,0.059163998812437,-0.0226991511881351,-0.0950877964496612,-0.3957894444465637,-2149740052480.0,0.01,0.01,0.01,0.01,0.01,0.01,0.01,1.0,1.0,1.0,1.0,1.0,1.0,1.0,0.01,0.20078029,0.059164,0.01,0.01,0.01,0.01,0.19818151,0.1462626,0.05580944,0.01,0.021833515,0.034289844,0.43704867,-0.2359990762175015,0.3083542385751431
1.42,-935365952.0,0.254430827702798,0.0406277179718017,-0.0380897186696529,-0.0891461372375488,-0.3876594007015228,-2149740052480.0,0.01,0.01,0.01,0.01,0.01,0.01,0.01,1.0,1.0,1.0,1.0,1.0,1.0,1.0,0.01,0.25443083,0.040627718,0.01,0.01,0.01,0.01,0.19818151,0.20157324,0.054665633,0.01,0.02063344,0.031748354,0.43704867,-0.2350839363524004,-0.1087943754938738
1.4300000000000002,-935365952.0,0.2143993591245959,0.0360131338238716,-0.0543041042983531,-0.0727565735578537,-0.3715827465057373,-2149740052480.0,0.01,0.01,0.01,0.01,0.01,0.01,0.01,1.0,1.0,1.0,1.0,1.0,1.0,1.0,0.01,0.21439935,0.036013134,0.01,0.01,0.01,0.01,0.19818151,0.2181934,0.05265768,0.01,0.019556716,0.029483343,0.43704867,-0.2390251605757198,-0.6182000478152689
1.44,-935365952.0,0.1711648118216648,0.0151478312909603,-0.0720385164022445,-0.0497965849936008,-0.3505927622318268,-2149740052480.0,0.01,0.01,0.01,0.01,0.01,0.01,0.01,1.0,1.0,1.0,1.0,1.0,1.0,1.0,0.01,0.17116481,0.015147831,0.01,0.01,0.01,0.01,0.19818151,0.21457462,0.048793703,0.01,0.018593218,0.027468989,0.43704867,-0.2476168567125145,-1.0250785042985977
1.4500000000000002,-935365952.0,0.1230509178185756,-0.0112242847681045,-0.1054552644491195,-0.009077675640583,-0.3117550611495971,-2149740052480.0,0.01,0.01,0.01,0.01,0.01,0.01,0.01,1.0,1.0,1.0,1.0,1.0,1.0,1.0,0.01,0.12305092,0.01,0.01,0.01,0.01,0.01,0.19818151,0.20354927,0.044644054,0.01,0.017729294,0.025672609,0.43704867,-0.2589580846918447,-1.1900024212521123
1.46,-935365952.0,0.0971329646010931,-0.0469716265797615,-0.1415178477764129,0.0594832599163055,-0.1829844407109397,-2149740052480.0,0.01,0.01,0.01,0.01,0.01,0.01,0.01,1.0,1.0,1.0,1.0,1.0,1.0,1.0,0.01,0.097132966,0.01,0.01,0.05948326,0.01,0.01,0.19818151,0.18876307,0.040928703,0.01,0.04681456,0.024068274,0.43704867,-0.2707937388682553,-1.1348161595090942
1.4700000000000002,-935365952.0,0.0220972200029222,-0.0770273730158805,-0.1597462296485901,-0.0690865516662597,-0.046016169474215,-2149740052480.0,0.01,0.01,0.01,0.01,0.01,0.01,0.01,1.0,1.0,1.0,1.0,1.0,1.0,1.0,0.01,0.02209722,0.01,0.01,0.01,0.01,0.01,0.19818151,0.1690353,0.037641052,0.01,0.044530563,0.02263393,0.43704867,-0.2804714360425299,-0.7902166854995385
1.48,-935365952.0,-0.0943134212326571,-0.0892918333411216,-0.1547951847314834,-0.020026983693242,0.0574985410945367,-2149740052480.0,0.01,0.01,0.01,0.01,0.01,0.01,0.01,1.0,1.0,1.0,1.0,1.0,1.0,1.0,0.01,0.01,0.01,0.01,0.01,0.05749854,0.01,0.19818151,0.14721414,0.034725033,0.01,0.040826667,0.036884923,0.43704867,-0.2857059569760908,-0.2923923733583669
1.4900000000000002,-935365952.0,-0.1379401087760925,-0.078274168074131,-0.1330517381429672,0.0042054504156112,0.0720033643046584,-2149740052480.0,0.01,0.01,0.01,0.01,0.01,0.01,0.01,1.0,1.0,1.0,1.0,1.0,1.0,1.0,0.01,0.01,0.01,0.01,0.01,0.072003365,0.01,0.19818151,0.12896739,0.032134034,0.01,0.037547838,0.0521552,0.43704867,-0.2857209040167999,0.2253412529528443
1.5,-935365952.0,-0.126775324344635,-0.050613023340702,-0.1048208475112915,0.0040424633771181,0.0523978869429642,-2149740052480.0,0.01,0.01,0.01,0.01,0.01,0.01,0.01,1.0,1.0,1.0,1.0,1.0,1.0,1.0,0.01,0.01,0.01,0.01,0.01,0.05239789,0.01,0.19818151,0.11369134,0.02983073,0.01,0.03464278,0.055046227,0.43704867,-0.2811351496525042,0.6261377179660705
1.5099999999999998,-935365952.0,-0.1044811382889747,-0.0214283503592014,-0.0810685157775878,-0.0143287321552634,-0.010793450833952,-2149740052480.0,0.01,0.01,0.01,0.01,0.01,0.01,0.01,1.0,1.0,1.0,1.0,1.0,1.0,1.0,0.01,0.01,0.01,0.01,0.01,0.01,0.01,0.19818151,0.100773185,0.027779624,0.01,0.03206343,0.051352073,0.43704867,-0.2735354698448785,0.8438754430763994
1.52,-935365952.0,-0.0789788961410522,0.0234896689653396,-0.0534549877047538,-0.0334007032215595,-0.0833093902087588,-2149740052480.0,0.01,0.01,0.01,0.01,0.01,0.01,0.01,1.0,1.0,1.0,1.0,1.0,1.0,1.0,0.01,0.01,0.023489669,0.01,0.01,0.01,0.01,0.19818151,0.08972864,0.027182586,0.01,0.029764554,0.046838,0.43704867,-0.2645732524741469,0.92469982050043
1.5299999999999998,-935365952.0,-0.0681830197572708,0.0675272494554519,-0.0236859172582626,-0.0563351362943649,-0.1318580771467451,-2149740052480.0,0.01,0.01,0.01,0.01,0.01,0.01,0.01,1.0,1.0,1.0,1.0,1.0,1.0,1.0,0.01,0.01,0.06752725,0.01,0.01,0.01,0.01,0.19818151,0.08025713,0.055122633,0.01,0.027718391,0.04286235,0.43704867,-0.2552091468928018,0.929760920448634
1.54,-935365952.0,0.045505963842587,-0.0187259465456008,-0.013021171092987,-0.0780301541090011,-0.1747175686591162,-2149740052480.0,0.01,0.01,0.01,0.01,0.01,0.01,0.01,1.0,1.0,1.0,1.0,1.0,1.0,1.0,0.01,0.045505963,0.01,0.01,0.01,0.01,0.01,0.19818151,0.07361517,0.052542865,0.01,0.025891555,0.03934538,0.43704867,-0.2464957664003969,0.8092958359095855
1.5500000000000005,-935365952.0,0.143895506938646,0.0229558032006025,-0.0153256021440029,-0.0922091156244278,-0.2829570497780704,-2149740052480.0,0.01,0.01,0.01,0.01,0.01,0.01,0.01,1.0,1.0,1.0,1.0,1.0,1.0,1.0,0.01,0.1438955,0.022955803,0.01,0.01,0.01,0.01,0.19818151,0.10339928,0.049114645,0.01,0.024261653,0.03623353,0.43704867,-0.2394884485484648,0.6047716455484954
1.56,-935365952.0,0.2086655929394575,0.0644546598196029,-0.0228797905147075,-0.0960301458835601,-0.3981335163116455,-2149740052480.0,0.01,0.01,0.01,0.01,0.01,0.01,0.01,1.0,1.0,1.0,1.0,1.0,1.0,1.0,0.01,0.2086656,0.06445466,0.01,0.01,0.01,0.01,0.19818151,0.15208633,0.058908913,0.01,0.022806033,0.033474874,0.43704867,-0.2349700680144955,0.3070509816656336
1.5699999999999998,-935365952.0,0.2531745219231048,0.033194363117218,-0.0376484245061874,-0.089739590883255,-0.389678418636322,-2149740052480.0,0.01,0.01,0.01,0.01,0.01,0.01,0.01,1.0,1.0,1.0,1.0,1.0,1.0,1.0,0.01,0.2531745,0.033194363,0.01,0.01,0.01,0.01,0.19818151,0.20462713,0.056764614,0.01,0.021504825,0.03102501,0.43704867,-0.2342436068936977,-0.1483143799012674
1.58,-935365952.0,0.2139308165357366,0.0333629697561264,-0.0575598701834678,-0.0722915679216384,-0.3724642992019653,-2149740052480.0,0.01,0.01,0.01,0.01,0.01,0.01,0.01,1.0,1.0,1.0,1.0,1.0,1.0,1.0,0.01,0.21393082,0.03336297,0.01,0.01,0.01,0.01,0.19818151,0.21990214,0.054167263,0.01,0.020337157,0.028839082,0.43704867,-0.2387531703271127,-0.6826064263975781
1.59,-935365952.0,0.1684104511202671,0.0134996529668569,-0.0718860253691673,-0.0480358190834522,-0.3498675525188446,-2149740052480.0,0.01,0.01,0.01,0.01,0.01,0.01,0.01,1.0,1.0,1.0,1.0,1.0,1.0,1.0,0.01,0.16841045,0.013499653,0.01,0.01,0.01,0.01,0.19818151,0.21563579,0.04991986,0.01,0.01929292,0.026894549,0.43704867,-0.2479608312335787,-1.080652033425474
1.6,-935365952.0,0.1203192571276446,-0.0149873560294508,-0.1080970466136932,-0.0016619712114334,-0.3064014017581939,-2149740052480.0,0.01,0.01,0.01,0.01,0.01,0.01,0.01,1.0,1.0,1.0,1.0,1.0,1.0,1.0,0.01,0.120319255,0.01,0.01,0.01,0.01,0.01,0.19818151,0.20396246,0.045621045,0.01,0.018356688,0.025159214,0.43704867,-0.2597459247323969,-1.2249678396905677
1.61,-935365952.0,0.0961410298547796,-0.0514023080468177,-0.1451482027769088,0.0673631206154823,-0.165694612795923,-2149740052480.0,0.01,0.01,0.01,0.01,0.01,0.01,0.01,1.0,1.0,1.0,1.0,1.0,1.0,1.0,0.01,0.09614103,0.01,0.01,0.06736312,0.01,0.01,0.19818151,0.18882355,0.04179324,0.01,0.052528977,0.023609893,0.43704867,-0.2718147261057455,-1.145008586618155
1.62,-935365952.0,0.014607642919748,-0.0808888897299766,-0.1621388494968414,-0.0755606815218925,-0.0365789943079976,-2149740052480.0,0.01,0.01,0.01,0.01,0.01,0.01,0.01,1.0,1.0,1.0,1.0,1.0,1.0,1.0,0.01,0.014607643,0.01,0.01,0.01,0.01,0.01,0.19818151,0.16826047,0.03840695,0.01,0.049783748,0.022224015,0.43704867,-0.2813679517049889,-0.756112833562094
1.63,-935365952.0,-0.1026804068561788,-0.0909018516540527,-0.1547111272811889,-0.0204650796949863,0.064426182750928,-2149740052480.0,0.01,0.01,0.01,0.01,0.01,0.01,0.01,1.0,1.0,1.0,1.0,1.0,1.0,1.0,0.01,0.01,0.01,0.01,0.01,0.06442618,0.01,0.19818151,0.14647293,0.035403855,0.01,0.04546187,0.0401648,0.43704867,-0.2859915997290905,-0.2125458885059392
1.64,-935365952.0,-0.1361956000328064,-0.0762167274951934,-0.1301139891147613,0.0007633659988641,0.061675541932032,-2149740052480.0,0.01,0.01,0.01,0.01,0.01,0.01,0.01,1.0,1.0,1.0,1.0,1.0,1.0,1.0,0.01,0.01,0.01,0.01,0.01,0.06167554,0.01,0.19818151,0.12836535,0.032738835,0.01,0.041650165,0.049292002,0.43704867,-0.2850439748477767,0.33647280317499
1.65,-935365952.0,-0.123004026710987,-0.0452945604920387,-0.0999949872493743,-0.0004120655357837,0.0557344169723141,-2149740052480.0,0.01,0.01,0.01,0.01,0.01,0.01,0.01,1.0,1.0,1.0,1.0,1.0,1.0,1.0,0.01,0.01,0.01,0.01,0.01,0.05573442,0.01,0.19818151,0.11319278,0.030369991,0.01,0.03828055,0.055839043,0.43704867,-0.2793684377849455,0.7303290267950063
1.66,-935365952.0,-0.0971225500106811,-0.0143911903724074,-0.0759677812457084,-0.0181272197514772,-0.0253328643563929,-2149740052480.0,0.01,0.01,0.01,0.01,0.01,0.01,0.01,1.0,1.0,1.0,1.0,1.0,1.0,1.0,0.01,0.01,0.01,0.01,0.01,0.01,0.01,0.19818151,0.10034814,0.028260117,0.01,0.035293773,0.051311143,0.43704867,-0.2708823716031709,0.9186618063123572
1.67,-935365952.0,-0.0707065314054489,0.0428347773849964,-0.0427299104630947,-0.0371214598417282,-0.0946887773950216,-2149740052480.0,0.01,0.01,0.01,0.01,0.01,0.01,0.01,1.0,1.0,1.0,1.0,1.0,1.0,1.0,0.01,0.01,0.042834777,0.01,0.01,0.01,0.01,0.19818151,0.08936843,0.038195573,0.01,0.032637842,0.04680317,0.43704867,-0.2613478231549482,0.9632398084624464
1.6800000000000002,-935365952.0,-0.0621676366236922,0.0115869380533695,-0.0160035789012908,-0.061886727809906,-0.1405724386358053,-2149740052480.0,0.01,0.01,0.01,0.01,0.01,0.01,0.01,1.0,1.0,1.0,1.0,1.0,1.0,1.0,0.01,0.01,0.011586938,0.01,0.01,0.01,0.01,0.19818151,0.07993335,0.036476254,0.01,0.030274743,0.04282681,0.43704867,-0.2519959234116745,0.903250627166454
1.69,-935365952.0,0.0535578131809298,0.0753726363182067,-0.0122678726911544,-0.0810037553310394,-0.1841297652365509,-2149740052480.0,0.01,0.01,0.01,0.01,0.01,0.01,0.01,1.0,1.0,1.0,1.0,1.0,1.0,1.0,0.01,0.053557813,0.07537264,0.01,0.01,0.01,0.01,0.19818151,0.073515534,0.0630841,0.01,0.028172206,0.039316285,0.43704867,-0.2434659343343082,0.8040533329411675
1.7000000000000002,-935365952.0,0.1501154968154779,0.0075174998492002,-0.0240514799952507,-0.0927723571658134,-0.2938174234024598,-2149740052480.0,0.01,0.01,0.01,0.01,0.01,0.01,0.01,1.0,1.0,1.0,1.0,1.0,1.0,1.0,0.01,0.15011549,0.01,0.01,0.01,0.01,0.01,0.19818151,0.106915206,0.05925302,0.01,0.0262996,0.036211148,0.43704867,-0.2364039212972594,0.6028704178672033
1.71,-935365952.0,0.2146299895230293,0.0408212691545486,-0.0236029140651226,-0.0962636321783065,-0.4010326564311981,-2149740052480.0,0.01,0.01,0.01,0.01,0.01,0.01,0.01,1.0,1.0,1.0,1.0,1.0,1.0,1.0,0.01,0.21463,0.04082127,0.01,0.01,0.01,0.01,0.19818151,0.15671264,0.056833908,0.01,0.024628382,0.03345674,0.43704867,-0.2321851597312816,0.2493079009361759
1.7200000000000002,-935365952.0,0.2520003829239882,0.0568966604769229,-0.0430186241865158,-0.0885067954659462,-0.390893816947937,-2149740052480.0,0.01,0.01,0.01,0.01,0.01,0.01,0.01,1.0,1.0,1.0,1.0,1.0,1.0,1.0,0.01,0.2520004,0.05689666,0.01,0.01,0.01,0.01,0.19818151,0.20658235,0.056799266,0.01,0.023132898,0.031005092,0.43704867,-0.2322047974127221,-0.2158872967199457
1.73,-935365952.0,0.2109942755314658,0.0380264408886432,-0.0581491701304912,-0.0688121691346168,-0.3710953593254089,-2149740052480.0,0.01,0.01,0.01,0.01,0.01,0.01,0.01,1.0,1.0,1.0,1.0,1.0,1.0,1.0,0.01,0.21099427,0.03802644,0.01,0.01,0.01,0.01,0.19818151,0.22035897,0.0550371,0.01,0.021794328,0.02882118,0.43704867,-0.2372369367202567,-0.719134569240794
1.7400000000000002,-935365952.0,0.1648840814749829,0.0135450847446918,-0.0730231180787086,-0.0449511706829071,-0.348285973072052,-2149740052480.0,0.01,0.01,0.01,0.01,0.01,0.01,0.01,1.0,1.0,1.0,1.0,1.0,1.0,1.0,0.01,0.16488408,0.013545085,0.01,0.01,0.01,0.01,0.19818151,0.2154597,0.050738353,0.01,0.020598503,0.026878694,0.43704867,-0.2465430341645139,-1.068431436414077
1.75,-935365952.0,0.1188724522591319,-0.0154356630519032,-0.108247771859169,0.0047313161194324,-0.3018891811370849,-2149740052480.0,0.01,0.01,0.01,0.01,0.01,0.01,0.01,1.0,1.0,1.0,1.0,1.0,1.0,1.0,0.01,0.11887245,0.01,0.01,0.01,0.01,0.01,0.19818151,0.20346591,0.04634043,0.01,0.019526757,0.025144406,0.43704867,-0.258008398268126,-1.180775732389987
1.7599999999999998,-935365952.0,0.0953921412044911,-0.04987283796072,-0.1430575847625732,0.067012034356594,-0.1596253945853478,-2149740052480.0,0.01,0.01,0.01,0.01,0.01,0.01,0.01,1.0,1.0,1.0,1.0,1.0,1.0,1.0,0.01,0.09539214,0.01,0.01,0.067012034,0.01,0.01,0.19818151,0.1884211,0.0424284,0.01,0.052601174,0.023596572,0.43704867,-0.2695569741509399,-1.0890335928681043
1.77,-935365952.0,0.0107760582095615,-0.0768608301877975,-0.1581247746944427,-0.0711940824985504,-0.0347936255838269,-2149740052480.0,0.01,0.01,0.01,0.01,0.01,0.01,0.01,1.0,1.0,1.0,1.0,1.0,1.0,1.0,0.01,0.010776058,0.01,0.01,0.01,0.01,0.01,0.19818151,0.16754262,0.03896911,0.01,0.049816012,0.02221207,0.43704867,-0.2785650469780788,-0.7053929201916335
1.7799999999999998,-935365952.0,-0.1071069858904031,-0.0851895064115524,-0.1503274142742157,-0.0205499660223722,0.067211332431746,-2149740052480.0,0.01,0.01,0.01,0.01,0.01,0.01,0.01,1.0,1.0,1.0,1.0,1.0,1.0,1.0,0.01,0.01,0.01,0.01,0.01,0.06721133,0.01,0.19818151,0.14582902,0.0359019,0.01,0.04548957,0.04148963,0.43704867,-0.2827609117541077,-0.1789242351010805
1.79,-935365952.0,-0.1335352510213852,-0.0703100040555,-0.1262417435646057,-0.0005952902138233,0.058357776972636,-2149740052480.0,0.01,0.01,0.01,0.01,0.01,0.01,0.01,1.0,1.0,1.0,1.0,1.0,1.0,1.0,0.01,0.01,0.01,0.01,0.01,0.058357775,0.01,0.19818151,0.12782978,0.033181477,0.01,0.04167487,0.04878806,0.43704867,-0.2815954078162413,0.3492182310685295
1.8000000000000005,-935365952.0,-0.1199014782905578,-0.0403362065553665,-0.0971723720431327,-0.0025647655129432,0.0531194482549,-2149740052480.0,0.01,0.01,0.01,0.01,0.01,0.01,0.01,1.0,1.0,1.0,1.0,1.0,1.0,1.0,0.01,0.01,0.01,0.01,0.01,0.053119447,0.01,0.19818151,0.11274086,0.030763831,0.01,0.038302355,0.055342484,0.43704867,-0.2758950587774826,0.7248118023648018
1.81,-935365952.0,-0.0943622663617134,-0.0104686962440609,-0.0740619823336601,-0.0200069136917591,-0.0309220222823716,-2149740052480.0,0.01,0.01,0.01,0.01,0.01,0.01,0.01,1.0,1.0,1.0,1.0,1.0,1.0,1.0,0.01,0.01,0.01,0.01,0.01,0.01,0.01,0.19818151,0.09996275,0.02861091,0.01,0.035312906,0.050764646,0.43704867,-0.2675218672275858,0.9042537931044096
1.82,-935365952.0,-0.0696842819452285,0.0470013283193111,-0.0415581874549388,-0.0386210642755031,-0.098824296365726,-2149740052480.0,0.01,0.01,0.01,0.01,0.01,0.01,0.01,1.0,1.0,1.0,1.0,1.0,1.0,1.0,0.01,0.01,0.04700133,0.01,0.01,0.01,0.01,0.19818151,0.089036524,0.041112576,0.01,0.03265446,0.046321336,0.43704867,-0.2581351063374182,0.9478746002567998
1.83,-935365952.0,-0.0543456244970656,0.0064172074198722,-0.0161645822227001,-0.0628730282187461,-0.142259014747292,-2149740052480.0,0.01,0.01,0.01,0.01,0.01,0.01,0.01,1.0,1.0,1.0,1.0,1.0,1.0,1.0,0.01,0.01,0.01,0.01,0.01,0.01,0.01,0.19818151,0.079647616,0.039139472,0.01,0.030289551,0.04240158,0.43704867,-0.2489758898755944,0.8789104327382059
1.84,-935365952.0,0.0600802439792855,0.0647891163825988,-0.0128698647022247,-0.0813872218132019,-0.1905592605708554,-2149740052480.0,0.01,0.01,0.01,0.01,0.01,0.01,0.01,1.0,1.0,1.0,1.0,1.0,1.0,1.0,0.01,0.060080245,0.06478912,0.01,0.01,0.01,0.01,0.19818151,0.07327035,0.05651523,0.01,0.02818227,0.038934622,0.43704867,-0.2407759171818773,0.771662647099514
1.85,-935365952.0,0.1561661327465678,0.019671244546771,-0.0213254690170288,-0.0921893939375877,-0.3016412520962871,-2149740052480.0,0.01,0.01,0.01,0.01,0.01,0.01,0.01,1.0,1.0,1.0,1.0,1.0,1.0,1.0,0.01,0.15616614,0.019671245,0.01,0.01,0.01,0.01,0.19818151,0.11042702,0.05395548,0.01,0.026307931,0.035871632,0.43704867,-0.2339543549644031,0.5890003977162137
1.86,-935365952.0,0.2184846357763843,0.0545077733695507,-0.0357701331377029,-0.0954374298453331,-0.4004164636135101,-2149740052480.0,0.01,0.01,0.01,0.01,0.01,0.01,0.01,1.0,1.0,1.0,1.0,1.0,1.0,1.0,0.01,0.21848464,0.054507773,0.01,0.01,0.01,0.01,0.19818151,0.16038129,0.054156452,0.01,0.024635179,0.033154067,0.43704867,-0.2297187495011946,0.267072730978073
1.87,-935365952.0,0.2510520923235763,0.0564192607998847,-0.0291664488613605,-0.0886158496141433,-0.3910994529724121,-2149740052480.0,0.01,0.01,0.01,0.01,0.01,0.01,0.01,1.0,1.0,1.0,1.0,1.0,1.0,1.0,0.01,0.25105208,0.05641926,0.01,0.01,0.01,0.01,0.19818151,0.20852734,0.05566698,0.01,0.023139477,0.030736709,0.43704867,-0.2294142281715195,-0.178741477885563
1.88,-935365952.0,0.2108334724159524,0.0356963835656642,-0.052908681333065,-0.0706056728959083,-0.3728215098381042,-2149740052480.0,0.01,0.01,0.01,0.01,0.01,0.01,0.01,1.0,1.0,1.0,1.0,1.0,1.0,1.0,0.01,0.21083347,0.035696384,0.01,0.01,0.01,0.01,0.19818151,0.22196493,0.05378518,0.01,0.021800099,0.028581955,0.43704867,-0.2341074531832463,-0.6900932394157235
1.89,-935365952.0,0.1647490199714557,0.0141033614054322,-0.0785802453756332,-0.0474558286368846,-0.3506854176521301,-2149740052480.0,0.01,0.01,0.01,0.01,0.01,0.01,0.01,1.0,1.0,1.0,1.0,1.0,1.0,1.0,0.01,0.16474903,0.014103361,0.01,0.01,0.01,0.01,0.19818151,0.21672322,0.049655523,0.01,0.020603955,0.026665775,0.43704867,-0.2432154711575082,-1.0570402960020726
1.9,-935365952.0,0.1205643359764104,-0.0140686798840761,-0.1113365143537521,-0.0001557022333145,-0.3064281046390533,-2149740052480.0,0.01,0.01,0.01,0.01,0.01,0.01,0.01,1.0,1.0,1.0,1.0,1.0,1.0,1.0,0.01,0.120564334,0.01,0.01,0.01,0.01,0.01,0.19818151,0.20462118,0.04539163,0.01,0.019531967,0.024954816,0.43704867,-0.25464911832735,-1.1833051174321858
1.91,-935365952.0,0.0943952659389389,-0.0484995283186435,-0.1401939392089843,0.0646493658423423,-0.1556533641233602,-2149740052480.0,0.01,0.01,0.01,0.01,0.01,0.01,0.01,1.0,1.0,1.0,1.0,1.0,1.0,1.0,0.01,0.094395265,0.01,0.01,0.064649366,0.01,0.01,0.19818151,0.18947989,0.04159027,0.01,0.05096049,0.023427071,0.43704867,-0.2662632848423145,-1.0989201203676788
1.92,-935365952.0,0.0056774552969526,-0.075954645872116,-0.1566402614116668,-0.0688398405909538,-0.0284328572669478,-2149740052480.0,0.01,0.01,0.01,0.01,0.01,0.01,0.01,1.0,1.0,1.0,1.0,1.0,1.0,1.0,0.01,0.01,0.01,0.01,0.01,0.01,0.01,0.19818151,0.16809507,0.038227122,0.01,0.04829507,0.022060402,0.43704867,-0.2754134708621866,-0.7232566877675909
1.93,-935365952.0,-0.1139722121097665,-0.0849127024412155,-0.1498345732688903,-0.0206404905766248,0.0749206404298788,-2149740052480.0,0.01,0.01,0.01,0.01,0.01,0.01,0.01,1.0,1.0,1.0,1.0,1.0,1.0,1.0,0.01,0.01,0.01,0.01,0.01,0.07492064,0.01,0.19818151,0.14626639,0.03524312,0.01,0.04414772,0.045179665,0.43704867,-0.2798037667482127,-0.2008284685357634
1.94,-935365952.0,-0.1325002014636993,-0.0704983845353126,-0.126146912574768,0.0004537962377071,0.0485602155085355,-2149740052480.0,0.01,0.01,0.01,0.01,0.01,0.01,0.01,1.0,1.0,1.0,1.0,1.0,1.0,1.0,0.01,0.01,0.01,0.01,0.01,0.048560217,0.01,0.19818151,0.12820122,0.032596793,0.01,0.040489886,0.0469902,0.43704867,-0.278831494236625,0.336277717894425
1.95,-935365952.0,-0.1194375827908515,-0.0407619923353195,-0.0972048193216323,-0.0020477753132581,0.0590218071793994,-2149740052480.0,0.01,0.01,0.01,0.01,0.01,0.01,0.01,1.0,1.0,1.0,1.0,1.0,1.0,1.0,0.01,0.01,0.01,0.01,0.01,0.05902181,0.01,0.19818151,0.1130559,0.030243726,0.01,0.03725309,0.058394603,0.43704867,-0.2732068440308641,0.7225609040844382
1.96,-935365952.0,-0.0941256582736969,-0.010734531097114,-0.0737460553646087,-0.0206205658614635,-0.0423071110652371,-2149740052480.0,0.01,0.01,0.01,0.01,0.01,0.01,0.01,1.0,1.0,1.0,1.0,1.0,1.0,1.0,0.01,0.01,0.01,0.01,0.01,0.01,0.01,0.19818151,0.10023033,0.028147416,0.01,0.03438177,0.053557873,0.43704867,-0.2647829863344403,0.9154787695062035
1.97,-935365952.0,-0.0688427463173866,0.0462885200977325,-0.0409777238965034,-0.0396634116768837,-0.1069174364164957,-2149740052480.0,0.01,0.01,0.01,0.01,0.01,0.01,0.01,1.0,1.0,1.0,1.0,1.0,1.0,1.0,0.01,0.01,0.04628852,0.01,0.01,0.01,0.01,0.19818151,0.08926572,0.040489808,0.01,0.03182701,0.048779,0.43704867,-0.2552194925791866,0.9701075587260878
1.98,-935365952.0,-0.0452474825443697,0.0077085625380277,-0.014045275747776,-0.0649808645248413,-0.1468732139562311,-2149740052480.0,0.01,0.01,0.01,0.01,0.01,0.01,0.01,1.0,1.0,1.0,1.0,1.0,1.0,1.0,0.01,0.01,0.01,0.01,0.01,0.01,0.01,0.19818151,0.07984529,0.038551666,0.01,0.02955321,0.04456961,0.43704867,-0.2457933997221925,0.9085158807529944
1.99,-935365952.0,0.0686922341440334,0.0688462406396865,-0.010215625166893,-0.0846645981073379,-0.1992775777229966,-2149740052480.0,0.01,0.01,0.01,0.01,0.01,0.01,0.01,1.0,1.0,1.0,1.0,1.0,1.0,1.0,0.01,0.06869224,0.06884624,0.01,0.01,0.01,0.01,0.19818151,0.07413704,0.05906753,0.01,0.027529646,0.04085819,0.43704867,-0.2372546865666125,0.8034360891872315
2.0,-935365952.0,0.1632224053154893,0.0184416100382804,-0.0136428587138652,-0.0964836701750755,-0.3124704064732562,-2149740052480.0,0.01,0.01,0.01,0.01,0.01,0.01,0.01,1.0,1.0,1.0,1.0,1.0,1.0,1.0,0.01,0.1632224,0.01844161,0.01,0.01,0.01,0.01,0.19818151,0.11495529,0.05598738,0.01,0.025727227,0.037579577,0.43704867,-0.2302392420954791,0.5906221498903527
2.01,-935365952.0,0.2254143983140333,0.0540131814777851,-0.0289299078285694,-0.0996511802077293,-0.4034705758094787,-2149740052480.0,0.01,0.01,0.01,0.01,0.01,0.01,0.01,1.0,1.0,1.0,1.0,1.0,1.0,1.0,0.01,0.2254144,0.05401318,0.01,0.01,0.01,0.01,0.19818151,0.16594687,0.05534963,0.01,0.024116784,0.03467122,0.43704867,-0.2261871081151025,0.2306503110446096
2.02,-935365952.0,0.2521963874115916,0.059240061789751,-0.0407687239348888,-0.0911040678620338,-0.3926578462123871,-2149740052480.0,0.01,0.01,0.01,0.01,0.01,0.01,0.01,1.0,1.0,1.0,1.0,1.0,1.0,1.0,0.01,0.2521964,0.05924006,0.01,0.01,0.01,0.01,0.19818151,0.21235132,0.05790647,0.01,0.022675738,0.03208539,0.43704867,-0.2264449761574751,-0.2470602901878182
2.03,-935365952.0,0.2103327292071064,0.034180961549282,-0.0568812489509582,-0.0706092715263366,-0.3722932338714599,-2149740052480.0,0.01,0.01,0.01,0.01,0.01,0.01,0.01,1.0,1.0,1.0,1.0,1.0,1.0,1.0,0.01,0.21033274,0.03418096,0.01,0.01,0.01,0.01,0.19818151,0.22401278,0.055838533,0.01,0.021385385,0.029783182,0.43704867,-0.231867349169042,-0.7635451281846977
2.04,-935365952.0,0.1628805149926969,0.0126439165323972,-0.0788565203547477,-0.0458474941551685,-0.3488834500312805,-2149740052480.0,0.01,0.01,0.01,0.01,0.01,0.01,0.01,1.0,1.0,1.0,1.0,1.0,1.0,1.0,0.01,0.16288051,0.0126439165,0.01,0.01,0.01,0.01,0.19818151,0.21816298,0.051306847,0.01,0.020232394,0.027736804,0.43704867,-0.2415993060390152,-1.10614173965706
2.0500000000000003,-935365952.0,0.1187259612196927,-0.0180796012282371,-0.1156846135854721,0.0086644552648067,-0.2976484596729278,-2149740052480.0,0.01,0.01,0.01,0.01,0.01,0.01,0.01,1.0,1.0,1.0,1.0,1.0,1.0,1.0,0.01,0.11872596,0.01,0.01,0.01,0.01,0.01,0.19818151,0.20546354,0.046830647,0.01,0.019198652,0.025910426,0.43704867,-0.2533711375640835,-1.2078412175864153
2.06,-935365952.0,0.0913756160143429,-0.0521572791039943,-0.1415347754955291,0.0686161816120147,-0.1432264782881213,-2149740052480.0,0.01,0.01,0.01,0.01,0.01,0.01,0.01,1.0,1.0,1.0,1.0,1.0,1.0,1.0,0.01,0.09137562,0.01,0.01,0.06861618,0.01,0.01,0.19818151,0.18989025,0.042861294,0.01,0.053627763,0.024281174,0.43704867,-0.2651525697960161,-1.1080824352393148
2.0700000000000003,-935365952.0,0.0005215727520139,-0.0784708857536315,-0.15755295753479,-0.0760876536369323,-0.0213795088242086,-2149740052480.0,0.01,0.01,0.01,0.01,0.01,0.01,0.01,1.0,1.0,1.0,1.0,1.0,1.0,1.0,0.01,0.01,0.01,0.01,0.01,0.01,0.01,0.19818151,0.16809438,0.039352205,0.01,0.050779782,0.02282444,0.43704867,-0.2742703545522182,-0.7083706338897366
2.08,-935365952.0,-0.1195311827953717,-0.0856191217899322,-0.1494525969028473,-0.0229040831327438,0.0805996234214083,-2149740052480.0,0.01,0.01,0.01,0.01,0.01,0.01,0.01,1.0,1.0,1.0,1.0,1.0,1.0,1.0,0.01,0.01,0.01,0.01,0.01,0.08059962,0.01,0.19818151,0.14626017,0.036240242,0.01,0.04633661,0.048351556,0.43704867,-0.278365785650956,-0.1616965652219722
2.09,-935365952.0,-0.1312896311283111,-0.0689510703086853,-0.1242305189371109,-0.0034575928002595,0.0453411967990658,-2149740052480.0,0.01,0.01,0.01,0.01,0.01,0.01,0.01,1.0,1.0,1.0,1.0,1.0,1.0,1.0,0.01,0.01,0.01,0.01,0.01,0.045341197,0.01,0.19818151,0.12819904,0.033482965,0.01,0.042424425,0.048819143,0.43704867,-0.2769035280849554,0.3928965943884523
2.1,-935365952.0,-0.1167967617511749,-0.0373108237981796,-0.0942627564072609,-0.0059904642403125,0.0555349770592598,-2149740052480.0,0.01,0.01,0.01,0.01,0.01,0.01,0.01,1.0,1.0,1.0,1.0,1.0,1.0,1.0,0.01,0.01,0.01,0.01,0.01,0.055534977,0.01,0.19818151,0.113055766,0.031032452,0.01,0.03896647,0.058053173,0.43704867,-0.2706969562903929,0.7791250525633715
2.11,-935365952.0,-0.0894840359687805,-0.0055587161332368,-0.0701203048229217,-0.0239185877144336,-0.0433062173842876,-2149740052480.0,0.01,0.01,0.01,0.01,0.01,0.01,0.01,1.0,1.0,1.0,1.0,1.0,1.0,1.0,0.01,0.01,0.01,0.01,0.01,0.01,0.01,0.19818151,0.10023167,0.02885037,0.01,0.03590215,0.05315225,0.43704867,-0.2618042906277966,0.9533319400561768
2.12,-935365952.0,-0.0641028508543968,0.0584687106311321,-0.0343743860721588,-0.0443951785564422,-0.1099085498269643,-2149740052480.0,0.01,0.01,0.01,0.01,0.01,0.01,0.01,1.0,1.0,1.0,1.0,1.0,1.0,1.0,0.01,0.01,0.05846871,0.01,0.01,0.01,0.01,0.19818151,0.089275956,0.049069356,0.01,0.03317965,0.048425626,0.43704867,-0.251992396581527,0.9832699793222396
2.13,-935365952.0,-0.0390203001138623,-0.0007939061615616,-0.010621853172779,-0.0691537410020828,-0.1494778907130398,-2149740052480.0,0.01,0.01,0.01,0.01,0.01,0.01,0.01,1.0,1.0,1.0,1.0,1.0,1.0,1.0,0.01,0.01,0.01,0.01,0.01,0.01,0.01,0.19818151,0.07985468,0.04671422,0.01,0.030756932,0.044258296,0.43704867,-0.2426670480072374,0.8766625456313264
2.14,-935365952.0,0.0718535613819128,0.0463408902287483,-0.0204767398536205,-0.0869745165109634,-0.2034319315670998,-2149740052480.0,0.01,0.01,0.01,0.01,0.01,0.01,0.01,1.0,1.0,1.0,1.0,1.0,1.0,1.0,0.01,0.07185356,0.04634089,0.01,0.01,0.01,0.01,0.19818151,0.074102774,0.046276152,0.01,0.028596606,0.04057265,0.43704867,-0.2347809828209944,0.7265527953652985
2.15,-935365952.0,0.1639562750790719,0.0758866965770721,-0.0315139777958393,-0.0952727794647216,-0.3150737919216527,-2149740052480.0,0.01,0.01,0.01,0.01,0.01,0.01,0.01,1.0,1.0,1.0,1.0,1.0,1.0,1.0,0.01,0.16395627,0.0758867,0.01,0.01,0.01,0.01,0.19818151,0.11547229,0.066061586,0.01,0.026679737,0.037327286,0.43704867,-0.2283670783235971,0.5511784315158116
2.16,-935365952.0,0.2271519698228156,0.02880534902215,-0.0317547544836998,-0.0965838581323623,-0.401145726442337,-2149740052480.0,0.01,0.01,0.01,0.01,0.01,0.01,0.01,1.0,1.0,1.0,1.0,1.0,1.0,1.0,0.01,0.22715198,0.028805349,0.01,0.01,0.01,0.01,0.19818151,0.16665125,0.063129954,0.01,0.024968911,0.034449533,0.43704867,-0.2245641899179849,0.2053717276246575
2.17,-935365952.0,0.2507065238739502,0.0462264493107795,-0.0403242036700248,-0.0884890407323837,-0.390765905380249,-2149740052480.0,0.01,0.01,0.01,0.01,0.01,0.01,0.01,1.0,1.0,1.0,1.0,1.0,1.0,1.0,0.01,0.25070652,0.04622645,0.01,0.01,0.01,0.01,0.19818151,0.21234924,0.061045486,0.01,0.023438567,0.03189008,0.43704867,-0.2251455006901664,-0.2909501852849284
2.18,-935365952.0,0.2077313652446649,0.0382338240742683,-0.0573479980230331,-0.068098708987236,-0.3704209923744201,-2149740052480.0,0.01,0.01,0.01,0.01,0.01,0.01,0.01,1.0,1.0,1.0,1.0,1.0,1.0,1.0,0.01,0.20773137,0.038233824,0.01,0.01,0.01,0.01,0.19818151,0.22323105,0.05862957,0.01,0.0220679,0.029609352,0.43704867,-0.2310387490001246,-0.8082204413594929
2.19,-935365952.0,0.1595098507301013,0.0146288620308041,-0.0811360403895378,-0.0428011268377304,-0.3465576171875,-2149740052480.0,0.01,0.01,0.01,0.01,0.01,0.01,0.01,1.0,1.0,1.0,1.0,1.0,1.0,1.0,0.01,0.15950985,0.014628862,0.01,0.01,0.01,0.01,0.19818151,0.2169729,0.053993035,0.01,0.020843811,0.027582096,0.43704867,-0.2411069984148265,-1.129859404482126
2.2,-935365952.0,0.115892255091629,-0.018020786345005,-0.1166523098945617,0.0169094651937484,-0.2900529205799103,-2149740052480.0,0.01,0.01,0.01,0.01,0.01,0.01,0.01,1.0,1.0,1.0,1.0,1.0,1.0,1.0,0.01,0.115892254,0.01,0.01,0.016909465,0.01,0.01,0.19818151,0.20406452,0.049213443,0.01,0.020380087,0.025772423,0.43704867,-0.2530000904364044,-1.2115957428381552
2.21,-935365952.0,0.0893996423756491,-0.0519373081624507,-0.1427121460437774,0.0597411170601844,-0.1402111686368493,-2149740052480.0,0.01,0.01,0.01,0.01,0.01,0.01,0.01,1.0,1.0,1.0,1.0,1.0,1.0,1.0,0.01,0.08939964,0.01,0.01,0.059741117,0.01,0.01,0.19818151,0.18846123,0.044961803,0.01,0.04777379,0.024157304,0.43704867,-0.264738599398907,-1.1015867536685062
2.22,-935365952.0,-0.0008563260926496,-0.07733204215765,-0.1575328856706619,-0.0577775090932846,-0.0221648259662075,-2149740052480.0,0.01,0.01,0.01,0.01,0.01,0.01,0.01,1.0,1.0,1.0,1.0,1.0,1.0,1.0,0.01,0.01,0.01,0.01,0.01,0.01,0.01,0.19818151,0.16684411,0.041208845,0.01,0.045354832,0.02271339,0.43704867,-0.2738740616732438,-0.7227320626618144
2.23,-935365952.0,-0.1211069115809271,-0.0843366608023643,-0.1495232284069061,-0.0168044716119766,0.0806804839069993,-2149740052480.0,0.01,0.01,0.01,0.01,0.01,0.01,0.01,1.0,1.0,1.0,1.0,1.0,1.0,1.0,0.01,0.01,0.01,0.01,0.01,0.08068048,0.01,0.19818151,0.14522108,0.03788425,0.01,0.04155088,0.04830132,0.43704867,-0.2782994740162607,-0.2128041368908555
2.24,-935365952.0,-0.1329102218151092,-0.0692421272397041,-0.1258228123188018,0.0054516792297363,0.0458904601300407,-2149740052480.0,0.01,0.01,0.01,0.01,0.01,0.01,0.01,1.0,1.0,1.0,1.0,1.0,1.0,1.0,0.01,0.01,0.01,0.01,0.01,0.04589046,0.01,0.19818151,0.12732722,0.034941938,0.01,0.038191993,0.04901327,0.43704867,-0.2775373151310437,0.3077614390042258
2.25,-935365952.0,-0.1205329447984695,-0.0400076620280742,-0.097630351781845,0.0004957821220159,0.057652623279229,-2149740052480.0,0.01,0.01,0.01,0.01,0.01,0.01,0.01,1.0,1.0,1.0,1.0,1.0,1.0,1.0,0.01,0.01,0.01,0.01,0.01,0.057652622,0.01,0.19818151,0.11231828,0.032329533,0.01,0.035215646,0.059198864,0.43704867,-0.2722631787576837,0.6827361019463627
2.26,-935365952.0,-0.096585139632225,-0.01075304672122,-0.0747943744063377,-0.0197046250104904,-0.0405672930795281,-2149740052480.0,0.01,0.01,0.01,0.01,0.01,0.01,0.01,1.0,1.0,1.0,1.0,1.0,1.0,1.0,0.01,0.01,0.01,0.01,0.01,0.01,0.01,0.19818151,0.09960288,0.030005194,0.01,0.03257215,0.054205105,0.43704867,-0.2642722041352222,0.8696174525105737
2.27,-935365952.0,-0.0724857375025749,0.0412239395081996,-0.0447939597070217,-0.0387065894901752,-0.1046265153962354,-2149740052480.0,0.01,0.01,0.01,0.01,0.01,0.01,0.01,1.0,1.0,1.0,1.0,1.0,1.0,1.0,0.01,0.01,0.04122394,0.01,0.01,0.01,0.01,0.19818151,0.0887212,0.03764707,0.01,0.030216346,0.04934513,0.43704867,-0.2551826187955168,0.9229729041731132
2.28,-935365952.0,-0.0479456726280716,0.0222547389566898,-0.0182473734021186,-0.0625751987099647,-0.1427896129245496,-2149740052480.0,0.01,0.01,0.01,0.01,0.01,0.01,0.01,1.0,1.0,1.0,1.0,1.0,1.0,1.0,0.01,0.01,0.022254739,0.01,0.01,0.01,0.01,0.19818151,0.079375274,0.03680942,0.01,0.028118603,0.045068175,0.43704867,-0.2461330051804403,0.8821492727536862
2.29,-935365952.0,0.0658125303611171,0.0745206177234649,-0.012747373431921,-0.0822721421718597,-0.1949151066393679,-2149740052480.0,0.01,0.01,0.01,0.01,0.01,0.01,0.01,1.0,1.0,1.0,1.0,1.0,1.0,1.0,0.01,0.06581253,0.07452062,0.01,0.01,0.01,0.01,0.19818151,0.07369575,0.062474903,0.01,0.026250621,0.041299585,0.43704867,-0.2376867696959312,0.8057495060169735
2.3000000000000003,-935365952.0,0.1613010526022906,0.0110211130231618,-0.0139446444809436,-0.0952025353908538,-0.3090472534142386,-2149740052480.0,0.01,0.01,0.01,0.01,0.01,0.01,0.01,1.0,1.0,1.0,1.0,1.0,1.0,1.0,0.01,0.16130105,0.011021113,0.01,0.01,0.01,0.01,0.19818151,0.113704674,0.058395892,0.01,0.02458543,0.037971295,0.43704867,-0.2305728830761637,0.6026140525460283
2.31,-935365952.0,0.2252793785863709,0.0454888343811035,-0.0283584408462047,-0.099746897816658,-0.4013993144035339,-2149740052480.0,0.01,0.01,0.01,0.01,0.01,0.01,0.01,1.0,1.0,1.0,1.0,1.0,1.0,1.0,0.01,0.22527938,0.045488834,0.01,0.01,0.01,0.01,0.19818151,0.1650206,0.056576733,0.01,0.023096543,0.035019513,0.43704867,-0.226447300114629,0.2306248677523139
2.3200000000000003,-935365952.0,0.2517904195217271,0.0584917925298213,-0.0397255793213844,-0.0917200595140457,-0.3915039002895355,-2149740052480.0,0.01,0.01,0.01,0.01,0.01,0.01,0.01,1.0,1.0,1.0,1.0,1.0,1.0,1.0,0.01,0.25179043,0.058491793,0.01,0.01,0.01,0.01,0.19818151,0.21167004,0.05778813,0.01,0.021763558,0.03239586,0.43704867,-0.2267824868161698,-0.2630005458778668
2.33,-935365952.0,0.209563869661181,0.0364944115281105,-0.0568940266966819,-0.0708253383636474,-0.3712695837020874,-2149740052480.0,0.01,0.01,0.01,0.01,0.01,0.01,0.01,1.0,1.0,1.0,1.0,1.0,1.0,1.0,0.01,0.20956387,0.03649441,0.01,0.01,0.01,0.01,0.19818151,0.2235357,0.055888,0.01,0.020568691,0.030059144,0.43704867,-0.2324125702133345,-0.7847980664559715
2.34,-935365952.0,0.1614752616622304,0.0128152165561914,-0.0800767913460731,-0.0453707352280616,-0.3475794196128845,-2149740052480.0,0.01,0.01,0.01,0.01,0.01,0.01,0.01,1.0,1.0,1.0,1.0,1.0,1.0,1.0,0.01,0.16147526,0.012815217,0.01,0.01,0.01,0.01,0.19818151,0.21755357,0.051388606,0.01,0.019500704,0.027982917,0.43704867,-0.2423425849207545,-1.124496127213397
2.35,-935365952.0,0.1171090097098601,-0.0187910366803407,-0.1160574853420257,0.0112647973001003,-0.2938850820064544,-2149740052480.0,0.01,0.01,0.01,0.01,0.01,0.01,0.01,1.0,1.0,1.0,1.0,1.0,1.0,1.0,0.01,0.11710901,0.01,0.01,0.011264797,0.01,0.01,0.19818151,0.20471936,0.04690407,0.01,0.018657995,0.026130069,0.43704867,-0.254291003510267,-1.22481312014888
2.36,-935365952.0,0.0930657945881414,-0.0535538308322429,-0.1438679546117782,0.0675123408436775,-0.1467069142972587,-2149740052480.0,0.01,0.01,0.01,0.01,0.01,0.01,0.01,1.0,1.0,1.0,1.0,1.0,1.0,1.0,0.01,0.0930658,0.01,0.01,0.06751234,0.01,0.01,0.19818151,0.18923981,0.04292596,0.01,0.052729167,0.024477355,0.43704867,-0.2662322726285659,-1.1233889699881798
2.37,-935365952.0,0.0058607599040422,-0.0802967995405197,-0.1593628525733947,-0.0766589194536209,-0.0278372257074099,-2149740052480.0,0.01,0.01,0.01,0.01,0.01,0.01,0.01,1.0,1.0,1.0,1.0,1.0,1.0,1.0,0.01,0.01,0.01,0.01,0.01,0.01,0.01,0.19818151,0.16785012,0.03940932,0.01,0.04997745,0.022999838,0.43704867,-0.2754982739303319,-0.7231867657957124
2.38,-935365952.0,-0.1130444445675709,-0.0876331105828285,-0.1509855091571808,-0.0228934455662965,0.0727371696265971,-2149740052480.0,0.01,0.01,0.01,0.01,0.01,0.01,0.01,1.0,1.0,1.0,1.0,1.0,1.0,1.0,0.01,0.01,0.01,0.01,0.01,0.07273717,0.01,0.19818151,0.14606616,0.036291547,0.01,0.045630902,0.044502683,0.43704867,-0.2797572666980482,-0.177747637328555
2.39,-935365952.0,-0.1328205168247223,-0.0711195394396781,-0.1257967948913574,-0.0029604788869619,0.0547030536239923,-2149740052480.0,0.01,0.01,0.01,0.01,0.01,0.01,0.01,1.0,1.0,1.0,1.0,1.0,1.0,1.0,0.01,0.01,0.01,0.01,0.01,0.054703053,0.01,0.19818151,0.12803459,0.03352828,0.01,0.041800756,0.049125686,0.43704867,-0.2784835542629309,0.37018403153122
2.4,-935365952.0,-0.1188449710607528,-0.0395948551595211,-0.0958693102002143,-0.0049742311239242,0.0558799377425519,-2149740052480.0,0.01,0.01,0.01,0.01,0.01,0.01,0.01,1.0,1.0,1.0,1.0,1.0,1.0,1.0,0.01,0.01,0.01,0.01,0.01,0.05587994,0.01,0.19818151,0.11291568,0.031072604,0.01,0.038414158,0.057225645,0.43704867,-0.2725150467493951,0.7551250916968533
2.41,-935365952.0,-0.0922776907682418,-0.008317632600665,-0.0719529539346695,-0.0226218216121196,-0.0357979199538999,-2149740052480.0,0.01,0.01,0.01,0.01,0.01,0.01,0.01,1.0,1.0,1.0,1.0,1.0,1.0,1.0,0.01,0.01,0.01,0.01,0.01,0.01,0.01,0.19818151,0.100112885,0.028886177,0.01,0.03541235,0.052428402,0.43704867,-0.2638442363449462,0.9327140256124477
