time,SUP,ECRL,ECRB,ECU,FCR,FCU,PQ,SUP_min,ECRL_min,ECRB_min,ECU_min,FCR_min,FCU_min,PQ_min,SUP_max,ECRL_max,ECRB_max,ECU_max,FCR_max,FCU_max,PQ_max,SUP_exc,ECRL_exc,ECRB_exc,ECU_exc,FCR_exc,FCU_exc,PQ_exc,SUP_act,ECRL_act,ECRB_act,ECU_act,FCR_act,FCU_act,PQ_act,wrist_hand_r3_pos,wrist_hand_r3_vel
0.01,-649947136.0,0.0438864481533691,-0.0751547664403915,-0.126102864742279,-0.0402265489101409,-0.1578408726370964,-2115459743744.0,0.01,0.01,0.01,0.01,0.01,0.01,0.01,1.0,1.0,1.0,1.0,1.0,1.0,1.0,0.01,0.04388645,0.01,0.01,0.01,0.01,0.01,0.3859888,0.13788122,0.03451882,0.010008062,0.03927781,0.01175537,0.45377198,-0.2531342775585368,-0.2355975822151623
0.02,-649947136.0,-0.0117970417583161,-0.0573939606547355,-0.110892117023468,-0.0270590558648109,-0.1072725496040704,-2115459743744.0,0.01,0.01,0.01,0.01,0.01,0.01,0.01,1.0,1.0,1.0,1.0,1.0,1.0,1.0,0.01,0.01,0.01,0.01,0.01,0.01,0.01,0.3859888,0.12270369,0.03194719,0.010007268,0.036171015,0.011581665,0.45377198,-0.2535746274430333,0.092198181716617
0.03,-649947136.0,-0.0825067930983765,-0.034004122018814,-0.0921000391244888,-0.0212864428758621,-0.0437498793547313,-2115459743744.0,0.01,0.01,0.01,0.01,0.01,0.01,0.01,1.0,1.0,1.0,1.0,1.0,1.0,1.0,0.01,0.01,0.01,0.01,0.01,0.01,0.01,0.3859888,0.10839116,0.029662779,0.010006553,0.033418436,0.011425398,0.45377198,-0.2513358418904329,0.3103765989638629
0.04,-649947136.0,-0.1198298633098602,-0.0127040771767497,-0.0756014809012413,-0.027086041867733,0.0344901168225179,-2115459743744.0,0.01,0.01,0.01,0.01,0.01,0.01,0.01,1.0,1.0,1.0,1.0,1.0,1.0,1.0,0.01,0.01,0.01,0.01,0.01,0.034490116,0.01,0.3859888,0.09624475,0.027627753,0.010005908,0.030971989,0.020836174,0.45377198,-0.2476171566623559,0.405582604169113
0.05,-649947136.0,-0.1052517145872116,0.0058379787951707,-0.0653857886791229,-0.0365379229187965,-0.0071321084906673,-2115459743744.0,0.01,0.01,0.01,0.01,0.01,0.01,0.01,1.0,1.0,1.0,1.0,1.0,1.0,1.0,0.01,0.01,0.01,0.01,0.01,0.01,0.01,0.3859888,0.085837394,0.025809798,0.010005326,0.028790921,0.02241273,0.45377198,-0.2432597965178544,0.4609466860566726
0.06,-649947136.0,-0.0979206264019012,0.0305224545300006,-0.0580673217773437,-0.0454941280186176,0.0089199584146629,-2115459743744.0,0.01,0.01,0.01,0.01,0.01,0.01,0.01,1.0,1.0,1.0,1.0,1.0,1.0,1.0,0.01,0.01,0.030522455,0.01,0.01,0.01,0.01,0.3859888,0.07685294,0.02900872,0.0100048,0.02684184,0.021438459,0.45377198,-0.2381899329459331,0.5411562151555881
0.07,-649947136.0,-0.0969476252794265,0.0186755154281854,-0.0433606654405593,-0.0548851676285266,-0.0116037262900829,-2115459743744.0,0.01,0.01,0.01,0.01,0.01,0.01,0.01,1.0,1.0,1.0,1.0,1.0,1.0,1.0,0.01,0.01,0.018675515,0.01,0.01,0.01,0.01,0.3859888,0.06905322,0.028615931,0.010004324,0.025097573,0.020270199,0.45377198,-0.2323010313961513,0.6147255515782795
0.08,-649947136.0,-0.0988000333309173,0.0441055707633495,-0.0417648702859878,-0.0690569728612899,-0.0536628608542693,-2115459743744.0,0.01,0.01,0.01,0.01,0.01,0.01,0.01,1.0,1.0,1.0,1.0,1.0,1.0,1.0,0.01,0.01,0.04410557,0.01,0.01,0.01,0.01,0.3859888,0.06233097,0.038887788,0.010003898,0.023550034,0.019230412,0.45377198,-0.2258142624723157,0.6705002267101866
0.09,-649947136.0,-0.1023227125406265,0.0131965531036257,-0.0330667272210121,-0.082565039396286,-0.09812199015479,-2115459743744.0,0.01,0.01,0.01,0.01,0.01,0.01,0.01,1.0,1.0,1.0,1.0,1.0,1.0,1.0,0.01,0.01,0.013196553,0.01,0.01,0.01,0.01,0.3859888,0.056463785,0.037555315,0.010003514,0.022166587,0.018298406,0.45377198,-0.2190197347802276,0.6783613138401835
0.1,-649947136.0,-0.1065273731946945,0.0456737540662288,-0.0242360047996044,-0.0944227948784828,-0.1323201085670377,-2115459743744.0,0.01,0.01,0.01,0.01,0.01,0.01,0.01,1.0,1.0,1.0,1.0,1.0,1.0,1.0,0.01,0.01,0.045673754,0.01,0.01,0.01,0.01,0.3859888,0.051311836,0.042666346,0.010003167,0.020926226,0.017460836,0.45377198,-0.2123496995181753,0.6569922910678463
0.1100000000000001,-649947136.0,-0.109371793223798,0.0420244559645652,-0.0207788869738578,-0.1031663343310356,-0.1510537612341779,-2115459743744.0,0.01,0.01,0.01,0.01,0.01,0.01,0.01,1.0,1.0,1.0,1.0,1.0,1.0,1.0,0.01,0.01,0.042024456,0.01,0.01,0.01,0.01,0.3859888,0.046766933,0.043428913,0.010002853,0.019811766,0.016706714,0.45377198,-0.2060190716386304,0.6163764656276947
0.1200000000000001,-649947136.0,-0.0443392238983297,0.0616912096738815,-0.0201796554028987,-0.1086740270256996,-0.1709138646074968,-2115459743744.0,0.01,0.01,0.01,0.01,0.01,0.01,0.01,1.0,1.0,1.0,1.0,1.0,1.0,1.0,0.01,0.01,0.06169121,0.01,0.01,0.01,0.01,0.3859888,0.042792924,0.055336773,0.010002572,0.018819837,0.016034134,0.45377198,-0.2001218472225736,0.5673836831298238
0.1299999999999999,-649947136.0,0.0174067881162222,0.0398000515997409,-0.0205445624887943,-0.1116215139627456,-0.2234357593509051,-2115459743744.0,0.01,0.01,0.01,0.01,0.01,0.01,0.01,1.0,1.0,1.0,1.0,1.0,1.0,1.0,0.01,0.017406788,0.03980005,0.01,0.01,0.01,0.01,0.3859888,0.039466016,0.05567476,0.010002317,0.017925164,0.01542651,0.45377198,-0.1948944993608468,0.4922238231439502
0.1399999999999999,-649947136.0,0.0844899463709328,0.0578011348843574,-0.0228099152445793,-0.111725315451622,-0.2949227943958668,-2115459743744.0,0.01,0.01,0.01,0.01,0.01,0.01,0.01,1.0,1.0,1.0,1.0,1.0,1.0,1.0,0.01,0.08448995,0.057801135,0.01,0.01,0.01,0.01,0.3859888,0.058692895,0.056785785,0.010002089,0.017126555,0.014883251,0.45377198,-0.1904857667188643,0.4027683106342064
0.1499999999999999,-649947136.0,0.1089306227427616,0.0653587728738784,-0.0258654449135065,-0.1096577793359756,-0.3789717808149299,-2115459743744.0,0.01,0.01,0.01,0.01,0.01,0.01,0.01,1.0,1.0,1.0,1.0,1.0,1.0,1.0,0.01,0.108930625,0.06535877,0.01,0.01,0.01,0.01,0.3859888,0.08125384,0.062419396,0.010001883,0.016412195,0.014396611,0.45377198,-0.1871514362316585,0.2661462659715364
0.1599999999999999,-649947136.0,0.1726454953090214,0.0573896169662475,-0.0306075830012559,-0.1049667745828628,-0.4097610414028168,-2115459743744.0,0.01,0.01,0.01,0.01,0.01,0.01,0.01,1.0,1.0,1.0,1.0,1.0,1.0,1.0,0.01,0.1726455,0.057389617,0.01,0.01,0.01,0.01,0.3859888,0.12700365,0.062308416,0.010001698,0.015770672,0.013959049,0.45377198,-0.185649525283776,0.0389132007056014
0.1699999999999999,-649947136.0,0.1787945433310277,0.0575164295732975,-0.0386660918593406,-0.0953391045331955,-0.3991656005382538,-2115459743744.0,0.01,0.01,0.01,0.01,0.01,0.01,0.01,1.0,1.0,1.0,1.0,1.0,1.0,1.0,0.01,0.17879455,0.05751643,0.01,0.01,0.01,0.01,0.3859888,0.15569973,0.06176742,0.010001531,0.015194058,0.013565327,0.45377198,-0.1870662384432664,-0.3005269839943156
0.1799999999999999,-649947136.0,0.1922790809685897,0.0469159483909606,-0.0503433234989643,-0.0788047909736633,-0.3814664483070373,-2115459743744.0,0.01,0.01,0.01,0.01,0.01,0.01,0.01,1.0,1.0,1.0,1.0,1.0,1.0,1.0,0.01,0.19227909,0.04691595,0.01,0.01,0.01,0.01,0.3859888,0.17967954,0.060279552,0.01000138,0.014675241,0.0132107185,0.45377198,-0.1922603520535228,-0.6849207161416976
0.1899999999999999,-649947136.0,0.1744860427570382,0.0287976376712322,-0.0710511729121208,-0.0587497353553772,-0.3612829446792602,-2115459743744.0,0.01,0.01,0.01,0.01,0.01,0.01,0.01,1.0,1.0,1.0,1.0,1.0,1.0,1.0,0.01,0.17448604,0.028797638,0.01,0.01,0.01,0.01,0.3859888,0.18572116,0.05705127,0.010001244,0.01420899,0.012891751,0.45377198,-0.2010440652226472,-1.011973616066044
0.1999999999999999,-649947136.0,0.1519525998712372,-0.0016728471964597,-0.1016270965337753,-0.0074431970715522,-0.3089280724525451,-2115459743744.0,0.01,0.01,0.01,0.01,0.01,0.01,0.01,1.0,1.0,1.0,1.0,1.0,1.0,1.0,0.01,0.1519526,0.01,0.01,0.01,0.01,0.01,0.3859888,0.18290128,0.05214109,0.010001121,0.013789751,0.012604713,0.45377198,-0.2125021032718487,-1.2337376288173436
0.2099999999999999,-649947136.0,0.1228640854948478,-0.0320577397942543,-0.129414826631546,0.0432994291186332,-0.2576167583465576,-2115459743744.0,0.01,0.01,0.01,0.01,0.01,0.01,0.01,1.0,1.0,1.0,1.0,1.0,1.0,1.0,0.01,0.12286408,0.01,0.01,0.04329943,0.01,0.01,0.3859888,0.1759864,0.047539774,0.010001011,0.03436206,0.012346846,0.45377198,-0.2254747839699703,-1.3136878082944567
0.2199999999999999,-649947136.0,0.0980019476183516,-0.0619483888149261,-0.1474780589342117,-0.0780016481876373,-0.2416681051254272,-2115459743744.0,0.01,0.01,0.01,0.01,0.01,0.01,0.01,1.0,1.0,1.0,1.0,1.0,1.0,1.0,0.01,0.09800195,0.01,0.01,0.01,0.01,0.01,0.3859888,0.1661109,0.043483168,0.010000912,0.033149928,0.012114579,0.45377198,-0.2377768307653951,-1.121924871508878
0.2299999999999999,-649947136.0,0.0881053356870368,-0.081537939608097,-0.1418893337249755,-0.0286230985075235,-0.2292234518175834,-2115459743744.0,0.01,0.01,0.01,0.01,0.01,0.01,0.01,1.0,1.0,1.0,1.0,1.0,1.0,1.0,0.01,0.088105336,0.01,0.01,0.01,0.01,0.01,0.3859888,0.15572603,0.039897162,0.010000822,0.03073225,0.011905297,0.45377198,-0.2469788707634616,-0.7467130498757394
0.24,-649947136.0,0.0681737222559555,-0.0817830488085746,-0.1331886053085327,0.0247181467711925,-0.1841301218930625,-2115459743744.0,0.01,0.01,0.01,0.01,0.01,0.01,0.01,1.0,1.0,1.0,1.0,1.0,1.0,1.0,0.01,0.06817372,0.01,0.01,0.024718147,0.01,0.01,0.3859888,0.14535172,0.03671606,0.010000741,0.029806158,0.011716485,0.45377198,-0.2522650136652236,-0.3805274859960543
0.25,-649947136.0,0.0230727454018154,-0.066366896033287,-0.118867889046669,0.0149367600679397,-0.1396976290530717,-2115459743744.0,0.01,0.01,0.01,0.01,0.01,0.01,0.01,1.0,1.0,1.0,1.0,1.0,1.0,1.0,0.01,0.023072746,0.01,0.01,0.01493676,0.01,0.01,0.3859888,0.13187051,0.033899434,0.010000668,0.028388737,0.01154668,0.45377198,-0.2544837374390698,-0.1145800166288941
0.26,-649947136.0,-0.0379713571659146,-0.0461067929863929,-0.1022986471652984,0.0014428310096263,-0.080434308823252,-2115459743744.0,0.01,0.01,0.01,0.01,0.01,0.01,0.01,1.0,1.0,1.0,1.0,1.0,1.0,1.0,0.01,0.01,0.01,0.01,0.01,0.01,0.01,0.3859888,0.11629802,0.03139717,0.010000602,0.026552297,0.011393741,0.45377198,-0.2546424054622436,0.0465481069255645
0.27,-649947136.0,-0.1182848879206949,-0.0270315036177635,-0.0885559022426605,-0.0102916844189167,-0.0058441968042151,-2115459743744.0,0.01,0.01,0.01,0.01,0.01,0.01,0.01,1.0,1.0,1.0,1.0,1.0,1.0,1.0,0.01,0.01,0.01,0.01,0.01,0.01,0.01,0.3859888,0.102948196,0.02917076,0.010000543,0.02485081,0.011255981,0.45377198,-0.2536825561885219,0.1252226112214072
0.28,-649947136.0,-0.1211941912770271,-0.0140032898634672,-0.0787509456276893,-0.0208872314542531,0.0672102819762568,-2115459743744.0,0.01,0.01,0.01,0.01,0.01,0.01,0.01,1.0,1.0,1.0,1.0,1.0,1.0,1.0,0.01,0.01,0.01,0.01,0.01,0.06721028,0.01,0.3859888,0.09160063,0.02718925,0.01000049,0.023332423,0.04005471,0.45377198,-0.2521731990181525,0.1756359739124883
0.29,-649947136.0,-0.1158118620514869,-0.0044860914349555,-0.073906697332859,-0.0292544607073068,-0.0698964573080801,-2115459743744.0,0.01,0.01,0.01,0.01,0.01,0.01,0.01,1.0,1.0,1.0,1.0,1.0,1.0,1.0,0.01,0.01,0.01,0.01,0.01,0.01,0.01,0.3859888,0.08187655,0.0254223,0.010000441,0.021975234,0.039944936,0.45377198,-0.2497466564477393,0.3146607273257005
0.3,-649947136.0,-0.1133570373058319,0.0089423768222332,-0.0679163932800293,-0.0379846803843975,-0.0239901191036485,-2115459743744.0,0.01,0.01,0.01,0.01,0.01,0.01,0.01,1.0,1.0,1.0,1.0,1.0,1.0,1.0,0.01,0.01,0.01,0.01,0.01,0.01,0.01,0.3859888,0.07346604,0.023841009,0.010000397,0.02075813,0.036761876,0.45377198,-0.2454423259970804,0.5241732027418109
0.31,-649947136.0,-0.1093086898326873,0.0328057967126369,-0.0561929866671562,-0.0491399765014648,-0.0349011164784002,-2115459743744.0,0.01,0.01,0.01,0.01,0.01,0.01,0.01,1.0,1.0,1.0,1.0,1.0,1.0,1.0,0.01,0.01,0.032805797,0.01,0.01,0.01,0.01,0.3859888,0.066117205,0.029727846,0.010000358,0.019661298,0.033920046,0.45377198,-0.2388435635822686,0.7384769063672223
0.32,-649947136.0,-0.1022163033485412,0.0102829542011022,-0.0361569933593273,-0.0684201642870903,-0.0728108183851059,-2115459743744.0,0.01,0.01,0.01,0.01,0.01,0.01,0.01,1.0,1.0,1.0,1.0,1.0,1.0,1.0,0.01,0.01,0.010282954,0.01,0.01,0.01,0.01,0.3859888,0.059775546,0.02851482,0.010000323,0.018685235,0.03141479,0.45377198,-0.2305812478228402,0.8803821389967327
0.33,-649947136.0,-0.0987328141927719,0.061183787882328,-0.0273101776838302,-0.0922384560108184,-0.1137788088199538,-2115459743744.0,0.01,0.01,0.01,0.01,0.01,0.01,0.01,1.0,1.0,1.0,1.0,1.0,1.0,1.0,0.01,0.01,0.061183788,0.01,0.01,0.01,0.01,0.3859888,0.054239336,0.05092796,0.010000291,0.017811064,0.029188726,0.45377198,-0.2213662453236906,0.9391653935144378
0.3400000000000001,-649947136.0,-0.0984470918774604,0.0069452356547117,-0.010516982525587,-0.1138829886913299,-0.1454026745140948,-2115459743744.0,0.01,0.01,0.01,0.01,0.01,0.01,0.01,1.0,1.0,1.0,1.0,1.0,1.0,1.0,0.01,0.01,0.01,0.01,0.01,0.01,0.01,0.3859888,0.0493745,0.048671845,0.010000262,0.017025728,0.027202621,0.45377198,-0.2122414406313365,0.8739491636438071
0.3500000000000001,-649947136.0,-0.057846119950853,0.0475293956696987,-0.005328606814146,-0.1279596388339996,-0.1646182493389807,-2115459743744.0,0.01,0.01,0.01,0.01,0.01,0.01,0.01,1.0,1.0,1.0,1.0,1.0,1.0,1.0,0.01,0.01,0.047529396,0.01,0.01,0.01,0.01,0.3859888,0.04508945,0.04796796,0.010000236,0.016320175,0.02542933,0.45377198,-0.2042843136644894,0.733924066851361
0.3600000000000001,-649947136.0,0.0021386580537022,0.0825917273759841,-0.0093344412744045,-0.1313246190547943,-0.2066393566014912,-2115459743744.0,0.01,0.01,0.01,0.01,0.01,0.01,0.01,1.0,1.0,1.0,1.0,1.0,1.0,1.0,0.01,0.01,0.08259173,0.01,0.01,0.01,0.01,0.3859888,0.041304972,0.07166012,0.010000213,0.015685972,0.023844214,0.45377198,-0.197788688781489,0.5869635619484893
0.3700000000000001,-649947136.0,0.0649472395417725,0.0397628508508205,-0.0158853158354759,-0.1274437755346298,-0.2692051485000755,-2115459743744.0,0.01,0.01,0.01,0.01,0.01,0.01,0.01,1.0,1.0,1.0,1.0,1.0,1.0,1.0,0.01,0.06494724,0.03976285,0.01,0.01,0.01,0.01,0.3859888,0.049528252,0.07106836,0.010000193,0.015116812,0.022428857,0.45377198,-0.1929377752157007,0.4039987191171217
0.3799999999999999,-649947136.0,0.0977178361355018,0.0580430664122104,-0.0232846178114414,-0.1194234266877174,-0.344375139492212,-2115459743744.0,0.01,0.01,0.01,0.01,0.01,0.01,0.01,1.0,1.0,1.0,1.0,1.0,1.0,1.0,0.01,0.09771784,0.058043066,0.01,0.01,0.01,0.01,0.3859888,0.07132239,0.069197826,0.010000173,0.014606175,0.021164818,0.45377198,-0.1900971746424057,0.1863985679366175
0.3899999999999999,-649947136.0,0.1511839953632292,0.0675952956080436,-0.0327114164829254,-0.1074839457869529,-0.4057139456272125,-2115459743744.0,0.01,0.01,0.01,0.01,0.01,0.01,0.01,1.0,1.0,1.0,1.0,1.0,1.0,1.0,0.01,0.151184,0.067595296,0.01,0.01,0.01,0.01,0.3859888,0.110586196,0.06877161,0.010000156,0.014146449,0.020031314,0.45377198,-0.189561914737134,-0.0483997332844973
0.3999999999999999,-649947136.0,0.1726687307506137,0.0617595538496971,-0.043366003781557,-0.0921840965747833,-0.391225129365921,-2115459743744.0,0.01,0.01,0.01,0.01,0.01,0.01,0.01,1.0,1.0,1.0,1.0,1.0,1.0,1.0,0.01,0.17266873,0.061759554,0.01,0.01,0.01,0.01,0.3859888,0.14228499,0.06809879,0.010000141,0.013732818,0.019015135,0.45377198,-0.1915929494674279,-0.321041998782604
0.4099999999999999,-649947136.0,0.1862796161743083,0.0484113655984401,-0.0545118637382984,-0.0755399689078331,-0.3760969936847687,-2115459743744.0,0.01,0.01,0.01,0.01,0.01,0.01,0.01,1.0,1.0,1.0,1.0,1.0,1.0,1.0,0.01,0.18627961,0.048411366,0.01,0.01,0.01,0.01,0.3859888,0.16969547,0.06610741,0.010000127,0.013360273,0.018102836,0.45377198,-0.1965652484006266,-0.6158027216411803
0.4199999999999999,-649947136.0,0.1738222865031754,0.0313494242727756,-0.0746624395251274,-0.0558146759867668,-0.355899453163147,-2115459743744.0,0.01,0.01,0.01,0.01,0.01,0.01,0.01,1.0,1.0,1.0,1.0,1.0,1.0,1.0,0.01,0.17382228,0.031349424,0.01,0.01,0.01,0.01,0.3859888,0.17924806,0.06251829,0.010000114,0.013025768,0.017286127,0.45377198,-0.2042979238365327,-0.8785727745776624
0.4299999999999999,-649947136.0,0.1572941420735328,0.0047505348920822,-0.0992496237158775,-0.0144351907074451,-0.3124110102653503,-2115459743744.0,0.01,0.01,0.01,0.01,0.01,0.01,0.01,1.0,1.0,1.0,1.0,1.0,1.0,1.0,0.01,0.15729414,0.01,0.01,0.01,0.01,0.01,0.3859888,0.17839062,0.057060346,0.010000103,0.012724829,0.0165533,0.45377198,-0.2143119035140272,-1.0796746469139205
0.4399999999999999,-649947136.0,0.1313772883026099,-0.0208581518381834,-0.1219211965799331,0.0273842811584472,-0.2655861973762512,-2115459743744.0,0.01,0.01,0.01,0.01,0.01,0.01,0.01,1.0,1.0,1.0,1.0,1.0,1.0,1.0,0.01,0.1313773,0.01,0.01,0.027384281,0.01,0.01,0.3859888,0.17357925,0.05184733,0.010000093,0.022565983,0.015896166,0.45377198,-0.2258858443529311,-1.193875559924931
0.4499999999999999,-649947136.0,0.1051528181239995,-0.0472049638628959,-0.138667419552803,-0.0562938824295997,-0.246695190668106,-2115459743744.0,0.01,0.01,0.01,0.01,0.01,0.01,0.01,1.0,1.0,1.0,1.0,1.0,1.0,1.0,0.01,0.105152816,0.01,0.01,0.01,0.01,0.01,0.3859888,0.16532588,0.047273844,0.010000084,0.022104684,0.01530659,0.45377198,-0.2375594350695997,-1.1175696762635106
0.4599999999999999,-649947136.0,0.090522825552514,-0.0682024508714675,-0.1361699700355529,-0.0043050460517406,-0.2450107411959896,-2115459743744.0,0.01,0.01,0.01,0.01,0.01,0.01,0.01,1.0,1.0,1.0,1.0,1.0,1.0,1.0,0.01,0.090522826,0.01,0.01,0.01,0.01,0.01,0.3859888,0.15566728,0.043241963,0.010000075,0.02087419,0.014776564,0.45377198,-0.247602472809487,-0.9096614655403628
0.47,-649947136.0,0.0759177606067129,-0.0771102085709571,-0.1367474943399429,0.0459610819816589,-0.1846309523882561,-2115459743744.0,0.01,0.01,0.01,0.01,0.01,0.01,0.01,1.0,1.0,1.0,1.0,1.0,1.0,1.0,0.01,0.07591776,0.01,0.01,0.045961082,0.01,0.01,0.3859888,0.14607799,0.039684046,0.010000068,0.03821114,0.014300527,0.45377198,-0.2554099307117495,-0.6661613096443859
0.48,-649947136.0,0.0287994529721487,-0.0750501453876495,-0.1328308433294296,-0.0500608496367931,-0.1303944975930919,-2115459743744.0,0.01,0.01,0.01,0.01,0.01,0.01,0.01,1.0,1.0,1.0,1.0,1.0,1.0,1.0,0.01,0.028799454,0.01,0.01,0.01,0.01,0.01,0.3859888,0.13325602,0.03653085,0.010000061,0.03690922,0.013872077,0.45377198,-0.2602650895134612,-0.3372937344327777
0.49,-649947136.0,-0.0327780708498121,-0.0626240223646164,-0.1191239804029464,-0.030493140220642,-0.0742722545845942,-2115459743744.0,0.01,0.01,0.01,0.01,0.01,0.01,0.01,1.0,1.0,1.0,1.0,1.0,1.0,1.0,0.01,0.01,0.01,0.01,0.01,0.01,0.01,0.3859888,0.117679335,0.033731066,0.010000056,0.034066863,0.013486357,0.45377198,-0.2616587110776501,0.0007571390652622
0.5,-649947136.0,-0.1070979208395924,-0.041965939104557,-0.1004589796066284,-0.0211931653320789,-0.0099985305194455,-2115459743744.0,0.01,0.01,0.01,0.01,0.01,0.01,0.01,1.0,1.0,1.0,1.0,1.0,1.0,1.0,0.01,0.01,0.01,0.01,0.01,0.01,0.01,0.3859888,0.10411909,0.031247461,0.01000005,0.031546026,0.01313985,0.45377198,-0.2600974987286537,0.2604888527774419
0.51,-649947136.0,-0.1290085017681121,-0.0191271398216485,-0.0822876393795013,-0.024297721683979,0.0607473848049144,-2115459743744.0,0.01,0.01,0.01,0.01,0.01,0.01,0.01,1.0,1.0,1.0,1.0,1.0,1.0,1.0,0.01,0.01,0.01,0.01,0.01,0.060747385,0.01,0.3859888,0.09260703,0.029040724,0.010000045,0.02930662,0.03517007,0.45377198,-0.2566167827335981,0.40501245230196
0.52,-649947136.0,-0.1145323663949966,-0.0021894508972764,-0.0709947720170021,-0.0333357267081737,-0.0437866060274496,-2115459743744.0,0.01,0.01,0.01,0.01,0.01,0.01,0.01,1.0,1.0,1.0,1.0,1.0,1.0,1.0,0.01,0.01,0.01,0.01,0.01,0.01,0.01,0.3859888,0.08268953,0.027066208,0.010000041,0.027303189,0.035590876,0.45377198,-0.2518908337627944,0.5224004331075777
0.53,-649947136.0,-0.1032649800181388,0.0258305110037326,-0.0571886226534843,-0.0435027442872524,-0.01293982699951,-2115459743744.0,0.01,0.01,0.01,0.01,0.01,0.01,0.01,1.0,1.0,1.0,1.0,1.0,1.0,1.0,0.01,0.01,0.025830511,0.01,0.01,0.01,0.01,0.3859888,0.07409907,0.026543874,0.010000036,0.025509026,0.032881297,0.45377198,-0.245876891339157,0.6496506342843291
0.54,-649947136.0,-0.0976370573043823,0.0459976159036159,-0.040200836956501,-0.0571696385741233,-0.0283843746064008,-2115459743744.0,0.01,0.01,0.01,0.01,0.01,0.01,0.01,1.0,1.0,1.0,1.0,1.0,1.0,1.0,0.01,0.01,0.045997616,0.01,0.01,0.01,0.01,0.3859888,0.066725485,0.039646734,0.010000033,0.023918591,0.03049105,0.45377198,-0.2386724339903654,0.7696295439654249
0.55,-649947136.0,-0.096960075199604,0.0025454312562942,-0.0258122347295284,-0.0751241371035575,-0.0685543577476178,-2115459743744.0,0.01,0.01,0.01,0.01,0.01,0.01,0.01,1.0,1.0,1.0,1.0,1.0,1.0,1.0,0.01,0.01,0.01,0.01,0.01,0.01,0.01,0.3859888,0.06030643,0.0379662,0.01000003,0.022497006,0.02836318,0.45377198,-0.230650817500304,0.8127024040806102
0.56,-649947136.0,-0.0985644608736038,0.0420721769332885,-0.0251700617372989,-0.0924666747450828,-0.1100010467588651,-2115459743744.0,0.01,0.01,0.01,0.01,0.01,0.01,0.01,1.0,1.0,1.0,1.0,1.0,1.0,1.0,0.01,0.01,0.042072177,0.01,0.01,0.01,0.01,0.3859888,0.054681607,0.040612772,0.010000027,0.021222448,0.026462136,0.45377198,-0.2226119119682791,0.79276596760262
0.5700000000000001,-649947136.0,-0.1032932475209236,0.0564778186380863,-0.0181849375367164,-0.1057050302624702,-0.1396481418089187,-2115459743744.0,0.01,0.01,0.01,0.01,0.01,0.01,0.01,1.0,1.0,1.0,1.0,1.0,1.0,1.0,0.01,0.01,0.05647782,0.01,0.01,0.01,0.01,0.3859888,0.049749043,0.05100685,0.010000024,0.02008136,0.024765663,0.45377198,-0.2149621531764893,0.7403626514682816
0.5800000000000001,-649947136.0,-0.0708774041965815,0.038956269621849,-0.0154136605560779,-0.1138765662908554,-0.1542535125366055,-2115459743744.0,0.01,0.01,0.01,0.01,0.01,0.01,0.01,1.0,1.0,1.0,1.0,1.0,1.0,1.0,0.01,0.01,0.03895627,0.01,0.01,0.01,0.01,0.3859888,0.045411717,0.0511182,0.010000022,0.019059317,0.02325058,0.45377198,-0.2080969521828743,0.6430750867993149
0.5900000000000001,-649947136.0,-0.0082763075624802,0.0662001520395279,-0.0173743925988674,-0.1167500913143158,-0.1929584907304616,-2115459743744.0,0.01,0.01,0.01,0.01,0.01,0.01,0.01,1.0,1.0,1.0,1.0,1.0,1.0,1.0,0.01,0.01,0.06620015,0.01,0.01,0.01,0.01,0.3859888,0.041594036,0.06070583,0.010000019,0.018144704,0.021898309,0.45377198,-0.202296149223158,0.5332713771964345
0.6000000000000001,-649947136.0,0.0567813341349619,0.0516865104436874,-0.0213756896555423,-0.1152361705899238,-0.2553522232128313,-2115459743744.0,0.01,0.01,0.01,0.01,0.01,0.01,0.01,1.0,1.0,1.0,1.0,1.0,1.0,1.0,0.01,0.056781333,0.05168651,0.01,0.01,0.01,0.01,0.3859888,0.045813914,0.061346967,0.0100000175,0.017322475,0.020685382,0.45377198,-0.1976514523542576,0.4171271975253314
0.6100000000000001,-649947136.0,0.0987390613577936,0.0649356245994567,-0.0264525786042213,-0.1107105761766433,-0.3319428931831373,-2115459743744.0,0.01,0.01,0.01,0.01,0.01,0.01,0.01,1.0,1.0,1.0,1.0,1.0,1.0,1.0,0.01,0.09873906,0.064935625,0.01,0.01,0.01,0.01,0.3859888,0.0702021,0.06355846,0.010000016,0.01658798,0.019604214,0.45377198,-0.1941865202307599,0.2853985152535808
0.6200000000000001,-649947136.0,0.1440728779083031,0.0646771937608718,-0.0318860076367855,-0.1044924184679985,-0.4048958718776703,-2115459743744.0,0.01,0.01,0.01,0.01,0.01,0.01,0.01,1.0,1.0,1.0,1.0,1.0,1.0,1.0,0.01,0.14407288,0.064677194,0.01,0.01,0.01,0.01,0.3859888,0.10642237,0.06435744,0.010000015,0.015928268,0.018634917,0.45377198,-0.1922827604610368,0.1029199677062844
0.6299999999999999,-649947136.0,0.1770824091303475,0.0616087764501571,-0.03913189843297,-0.0953361243009567,-0.3957957625389099,-2115459743744.0,0.01,0.01,0.01,0.01,0.01,0.01,0.01,1.0,1.0,1.0,1.0,1.0,1.0,1.0,0.01,0.1770824,0.061608776,0.01,0.01,0.01,0.01,0.3859888,0.14277165,0.06413499,0.010000013,0.015335196,0.017764967,0.45377198,-0.192686046216112,-0.164536892539026
0.6399999999999999,-649947136.0,0.1872989030250363,0.052123837172985,-0.0490423999726772,-0.0813197866082191,-0.3820362091064453,-2115459743744.0,0.01,0.01,0.01,0.01,0.01,0.01,0.01,1.0,1.0,1.0,1.0,1.0,1.0,1.0,0.01,0.18729891,0.052123837,0.01,0.01,0.01,0.01,0.3859888,0.16984709,0.062923335,0.010000012,0.014802284,0.016984424,0.45377198,-0.1962028991686385,-0.5029808057059316
0.6499999999999999,-649947136.0,0.1814055556283125,0.0364706218242645,-0.0628641247749328,-0.0659585669636726,-0.3672825992107391,-2115459743744.0,0.01,0.01,0.01,0.01,0.01,0.01,0.01,1.0,1.0,1.0,1.0,1.0,1.0,1.0,0.01,0.18140556,0.03647062,0.01,0.01,0.01,0.01,0.3859888,0.18166424,0.060275763,0.010000011,0.01432271,0.016282938,0.45377198,-0.2031792266559442,-0.831368586571825
0.6599999999999999,-649947136.0,0.1634395580325014,0.012520682066679,-0.08970957249403,-0.0324177406728267,-0.3334777057170868,-2115459743744.0,0.01,0.01,0.01,0.01,0.01,0.01,0.01,1.0,1.0,1.0,1.0,1.0,1.0,1.0,0.01,0.16343956,0.012520682,0.01,0.01,0.01,0.01,0.3859888,0.1822345,0.055344988,0.010000009,0.013891957,0.015653629,0.45377198,-0.21293412146721,-1.0699342110666012
0.6699999999999999,-649947136.0,0.1360579471099937,-0.0151921305805444,-0.1164560168981552,0.0220101177692413,-0.275916039943695,-2115459743744.0,0.01,0.01,0.01,0.01,0.01,0.01,0.01,1.0,1.0,1.0,1.0,1.0,1.0,1.0,0.01,0.13605794,0.01,0.01,0.022010118,0.01,0.01,0.3859888,0.17754947,0.050387193,0.010000008,0.019457564,0.0150884,0.45377198,-0.2244832912610732,-1.198457918059532
0.6799999999999999,-649947136.0,0.1090855822277048,-0.0435279384255409,-0.1366007328033447,-0.0331722199916839,-0.2486940026283264,-2115459743744.0,0.01,0.01,0.01,0.01,0.01,0.01,0.01,1.0,1.0,1.0,1.0,1.0,1.0,1.0,0.01,0.10908558,0.01,0.01,0.01,0.01,0.01,0.3859888,0.16928779,0.045987073,0.010000008,0.01899091,0.014580539,0.45377198,-0.2363553957718818,-1.1556291072981266
0.69,-649947136.0,0.0929860724894529,-0.0669828802347183,-0.137183129787445,0.0421805828809738,-0.2393463666701227,-2115459743744.0,0.01,0.01,0.01,0.01,0.01,0.01,0.01,1.0,1.0,1.0,1.0,1.0,1.0,1.0,0.01,0.09298607,0.01,0.01,0.042180583,0.01,0.01,0.3859888,0.15936267,0.04210901,0.010000007,0.03500585,0.014124175,0.45377198,-0.2470925421901123,-0.9874847683884348
0.7,-649947136.0,0.0728057380251989,-0.0798807889223098,-0.1397851407527923,-0.0463695749640464,-0.1742141303842892,-2115459743744.0,0.01,0.01,0.01,0.01,0.01,0.01,0.01,1.0,1.0,1.0,1.0,1.0,1.0,1.0,0.01,0.07280574,0.01,0.01,0.01,0.01,0.01,0.3859888,0.14891565,0.038680114,0.010000006,0.033642046,0.013713691,0.45377198,-0.2552580058650132,-0.6632056511884359
0.71,-649947136.0,0.0237737294107137,-0.0783976316452026,-0.1349795907735824,-0.0180833898484706,-0.1222738308792431,-2115459743744.0,0.01,0.01,0.01,0.01,0.01,0.01,0.01,1.0,1.0,1.0,1.0,1.0,1.0,1.0,0.01,0.02377373,0.01,0.01,0.01,0.01,0.01,0.3859888,0.1351757,0.035639632,0.010000005,0.031166526,0.01334413,0.45377198,-0.2597159384081575,-0.2840576322787793
0.72,-649947136.0,-0.0371216427728096,-0.0628101974725723,-0.1176560819149017,0.0035521574318408,-0.0687313019764754,-2115459743744.0,0.01,0.01,0.01,0.01,0.01,0.01,0.01,1.0,1.0,1.0,1.0,1.0,1.0,1.0,0.01,0.01,0.01,0.01,0.01,0.01,0.01,0.3859888,0.11908772,0.032943614,0.010000005,0.028965365,0.013011881,0.45377198,-0.2607276253818494,0.0250611815220938
0.73,-649947136.0,-0.1118204884096331,-0.0406515672802925,-0.0983628705143928,-0.001977227628231,-0.0033903401702384,-2115459743744.0,0.01,0.01,0.01,0.01,0.01,0.01,0.01,1.0,1.0,1.0,1.0,1.0,1.0,1.0,0.01,0.01,0.01,0.01,0.01,0.01,0.01,0.3859888,0.10533577,0.030550089,0.010000004,0.027006345,0.012713244,0.45377198,-0.2593412461597412,0.2122030340324101
0.74,-649947136.0,-0.1265343278646469,-0.0191917549818754,-0.0822156742215156,-0.0161688867956399,0.0657670433922489,-2115459743744.0,0.01,0.01,0.01,0.01,0.01,0.01,0.01,1.0,1.0,1.0,1.0,1.0,1.0,1.0,0.01,0.01,0.01,0.01,0.01,0.06576704,0.01,0.3859888,0.09365008,0.028420025,0.010000004,0.02525916,0.03891936,0.45377198,-0.2566845569978784,0.3016016742492854
0.75,-649947136.0,-0.1153162866830825,-0.0056195706129074,-0.0732805132865905,-0.028553569689393,-0.054471681899166,-2115459743744.0,0.01,0.01,0.01,0.01,0.01,0.01,0.01,1.0,1.0,1.0,1.0,1.0,1.0,1.0,0.01,0.01,0.01,0.01,0.01,0.01,0.01,0.3859888,0.083629444,0.026519312,0.0100000035,0.023697102,0.03884849,0.45377198,-0.2531071470618877,0.4115827304282717
0.76,-649947136.0,-0.1083708703517913,0.0141540225595235,-0.063828058540821,-0.0392111726105213,-0.0169643100494484,-2115459743744.0,0.01,0.01,0.01,0.01,0.01,0.01,0.01,1.0,1.0,1.0,1.0,1.0,1.0,1.0,0.01,0.01,0.014154023,0.01,0.01,0.01,0.01,0.3859888,0.07496582,0.025183583,0.0100000035,0.022296922,0.035785623,0.45377198,-0.2481313977501794,0.5636209101472782
0.77,-649947136.0,-0.1039373278617858,0.0388497784733772,-0.0503014400601387,-0.05007204413414,-0.0294940566134307,-2115459743744.0,0.01,0.01,0.01,0.01,0.01,0.01,0.01,1.0,1.0,1.0,1.0,1.0,1.0,1.0,0.01,0.01,0.03884978,0.01,0.01,0.01,0.01,0.3859888,0.067456596,0.034201488,0.010000003,0.021043302,0.033065952,0.45377198,-0.241557278044007,0.7202665251718637
0.78,-649947136.0,-0.1007530912756919,0.0038109458982944,-0.0412117727100849,-0.0687906965613365,-0.0672761302735086,-2115459743744.0,0.01,0.01,0.01,0.01,0.01,0.01,0.01,1.0,1.0,1.0,1.0,1.0,1.0,1.0,0.01,0.01,0.01,0.01,0.01,0.01,0.01,0.3859888,0.06094546,0.0327094,0.010000003,0.019923845,0.030655723,0.45377198,-0.2337393995265032,0.8168917487914048
0.79,-649947136.0,-0.0998704433441162,0.0465608239173889,-0.0316997580230236,-0.0889344736933708,-0.1076120291797189,-2115459743744.0,0.01,0.01,0.01,0.01,0.01,0.01,0.01,1.0,1.0,1.0,1.0,1.0,1.0,1.0,0.01,0.01,0.046560824,0.01,0.01,0.01,0.01,0.3859888,0.055251256,0.041749246,0.010000003,0.018919962,0.02850844,0.45377198,-0.2253487752781198,0.8469050062507323
0.8,-649947136.0,-0.1017829701304435,0.0288356449455022,-0.0201232843101024,-0.1064021065831184,-0.1380364444871838,-2115459743744.0,0.01,0.01,0.01,0.01,0.01,0.01,0.01,1.0,1.0,1.0,1.0,1.0,1.0,1.0,0.01,0.01,0.028835645,0.01,0.01,0.01,0.01,0.3859888,0.05025957,0.041475903,0.010000003,0.01801997,0.026594715,0.45377198,-0.2170562835197737,0.8065760966503718
0.81,-649947136.0,-0.0508935379953918,0.0683623701333999,-0.0128118023276329,-0.1182061433792114,-0.1603532919886476,-2115459743744.0,0.01,0.01,0.01,0.01,0.01,0.01,0.01,1.0,1.0,1.0,1.0,1.0,1.0,1.0,0.01,0.01,0.06836237,0.01,0.01,0.01,0.01,0.3859888,0.0458734,0.059518214,0.010000002,0.017213175,0.024888245,0.45377198,-0.2094097106651735,0.7255519989109228
0.8200000000000001,-649947136.0,0.0141727359770775,0.0332116335630416,-0.013078149408102,-0.1234803348779678,-0.2095928863551948,-2115459743744.0,0.01,0.01,0.01,0.01,0.01,0.01,0.01,1.0,1.0,1.0,1.0,1.0,1.0,1.0,0.01,0.014172736,0.033211634,0.01,0.01,0.01,0.01,0.3859888,0.042144436,0.0588049,0.010000002,0.016488038,0.02336162,0.45377198,-0.2029203292035153,0.5853641788465725
0.8300000000000001,-649947136.0,0.0806253782634225,0.0598327293992042,-0.0176278427243232,-0.1223421543836593,-0.278274038326415,-2115459743744.0,0.01,0.01,0.01,0.01,0.01,0.01,0.01,1.0,1.0,1.0,1.0,1.0,1.0,1.0,0.01,0.08062538,0.05983273,0.01,0.01,0.01,0.01,0.3859888,0.057350636,0.059234485,0.010000002,0.015838247,0.021999499,0.45377198,-0.1979624232887374,0.4262252955342727
0.8400000000000001,-649947136.0,0.1079779811318267,0.0712247416377067,-0.0243290811777114,-0.1162125021219253,-0.357018814835312,-2115459743744.0,0.01,0.01,0.01,0.01,0.01,0.01,0.01,1.0,1.0,1.0,1.0,1.0,1.0,1.0,0.01,0.10797798,0.07122474,0.01,0.01,0.01,0.01,0.3859888,0.08018931,0.0669607,0.010000002,0.015254988,0.020781491,0.45377198,-0.1946642090541868,0.2450160941729298
0.8500000000000001,-649947136.0,0.164791056520454,0.0563433468341827,-0.0322189778089523,-0.1068236604332923,-0.4052209854125976,-2115459743744.0,0.01,0.01,0.01,0.01,0.01,0.01,0.01,1.0,1.0,1.0,1.0,1.0,1.0,1.0,0.01,0.16479106,0.056343347,0.01,0.01,0.01,0.01,0.3859888,0.12193764,0.06658562,0.010000002,0.014730721,0.01969036,0.45377198,-0.1934973495537031,0.0008778599780614
0.8600000000000001,-649947136.0,0.18088917643497,0.0559098832309246,-0.0420718006789684,-0.0935057699680328,-0.392614483833313,-2115459743744.0,0.01,0.01,0.01,0.01,0.01,0.01,0.01,1.0,1.0,1.0,1.0,1.0,1.0,1.0,0.01,0.18088917,0.055909883,0.01,0.01,0.01,0.01,0.3859888,0.15338966,0.065378055,0.010000002,0.014258952,0.018711446,0.45377198,-0.1952531745435437,-0.3224924219377865
0.8700000000000001,-649947136.0,0.1911942518847076,0.0451874434947967,-0.0541179105639457,-0.0752427279949188,-0.3760084211826324,-2115459743744.0,0.01,0.01,0.01,0.01,0.01,0.01,0.01,1.0,1.0,1.0,1.0,1.0,1.0,1.0,0.01,0.19119425,0.045187443,0.01,0.01,0.01,0.01,0.3859888,0.17784242,0.063250735,0.010000001,0.013834354,0.017832795,0.45377198,-0.2005073090190092,-0.674354682500523
0.8799999999999999,-649947136.0,0.1766742685445717,0.0275014154613018,-0.0751032829284668,-0.0549414306879043,-0.3556296825408935,-2115459743744.0,0.01,0.01,0.01,0.01,0.01,0.01,0.01,1.0,1.0,1.0,1.0,1.0,1.0,1.0,0.01,0.17667426,0.027501415,0.01,0.01,0.01,0.01,0.3859888,0.1850847,0.05952037,0.010000001,0.013452773,0.017045116,0.45377198,-0.2089928186019107,-0.9681319729020113
0.8899999999999999,-649947136.0,0.1554804377261255,-0.0014992877840995,-0.1033758968114852,-0.0070954374969005,-0.3063591718673706,-2115459743744.0,0.01,0.01,0.01,0.01,0.01,0.01,0.01,1.0,1.0,1.0,1.0,1.0,1.0,1.0,0.01,0.15548044,0.01,0.01,0.01,0.01,0.01,0.3859888,0.18285294,0.054292876,0.010000001,0.013109512,0.016338097,0.45377198,-0.219878445801899,-1.1674874952466547
0.8999999999999999,-649947136.0,0.1270786592972143,-0.0300963185727596,-0.1283378303050995,0.0386036038398742,-0.2551394402980804,-2115459743744.0,0.01,0.01,0.01,0.01,0.01,0.01,0.01,1.0,1.0,1.0,1.0,1.0,1.0,1.0,0.01,0.12707865,0.01,0.01,0.038603604,0.01,0.01,0.3859888,0.17665555,0.049429093,0.010000001,0.030900652,0.015704118,0.45377198,-0.2321529487898442,-1.2455101837979246
0.91,-649947136.0,0.1014756992168176,-0.058167926967144,-0.1459472477436065,-0.0725261718034744,-0.2389491349458694,-2115459743744.0,0.01,0.01,0.01,0.01,0.01,0.01,0.01,1.0,1.0,1.0,1.0,1.0,1.0,1.0,0.01,0.1014757,0.01,0.01,0.01,0.01,0.01,0.3859888,0.16726105,0.04514876,0.010000001,0.02990806,0.015134535,0.45377198,-0.2439082024931642,-1.082806885302798
0.92,-649947136.0,0.0899570620323719,-0.077342003583908,-0.1468352675437927,-0.0265136342495679,-0.2090218720173911,-2115459743744.0,0.01,0.01,0.01,0.01,0.01,0.01,0.01,1.0,1.0,1.0,1.0,1.0,1.0,1.0,0.01,0.08995706,0.01,0.01,0.01,0.01,0.01,0.3859888,0.15704924,0.04136673,0.010000001,0.027844314,0.014622013,0.45377198,-0.2529954814867982,-0.7612584849959613
0.93,-649947136.0,0.0584632784827668,-0.0797536000609397,-0.1384822726249694,0.0259393006563186,-0.1579348870409402,-2115459743744.0,0.01,0.01,0.01,0.01,0.01,0.01,0.01,1.0,1.0,1.0,1.0,1.0,1.0,1.0,0.01,0.05846328,0.01,0.01,0.0259393,0.01,0.01,0.3859888,0.145799,0.03801672,0.010000001,0.027323073,0.014160611,0.45377198,-0.2587040611152174,-0.4416405003689126
0.94,-649947136.0,0.0051996771256605,-0.0682476907968521,-0.1242126673460006,0.015156615525484,-0.1058367885026334,-2115459743744.0,0.01,0.01,0.01,0.01,0.01,0.01,0.01,1.0,1.0,1.0,1.0,1.0,1.0,1.0,0.01,0.01,0.01,0.01,0.0151566155,0.01,0.01,0.3859888,0.13060819,0.035052765,0.010000001,0.026227316,0.013746259,0.45377198,-0.2616726771136152,-0.1973376220818506
0.95,-649947136.0,-0.0611656430824855,-0.0515540167689323,-0.1089963987469673,0.0047454982995986,-0.0417005825352659,-2115459743744.0,0.01,0.01,0.01,0.01,0.01,0.01,0.01,1.0,1.0,1.0,1.0,1.0,1.0,1.0,0.01,0.01,0.01,0.01,0.01,0.01,0.01,0.3859888,0.1150281,0.03242158,0.010000001,0.024635669,0.013373578,0.45377198,-0.2626355608238008,-0.0294634439692446
0.96,-649947136.0,-0.1347599625587463,-0.0347079783678054,-0.0959312468767166,-0.0050880908966064,0.0329286906110691,-2115459743744.0,0.01,0.01,0.01,0.01,0.01,0.01,0.01,1.0,1.0,1.0,1.0,1.0,1.0,1.0,0.01,0.01,0.01,0.01,0.01,0.03292869,0.01,0.3859888,0.101868264,0.030082298,0.010000001,0.02313829,0.021032918,0.45377198,-0.2623049482235222,0.0737208670464732
0.97,-649947136.0,-0.1271454989910125,-0.0205929800868034,-0.0858727470040321,-0.0154738221317529,0.0394337219899634,-2115459743744.0,0.01,0.01,0.01,0.01,0.01,0.01,0.01,1.0,1.0,1.0,1.0,1.0,1.0,1.0,0.01,0.01,0.01,0.01,0.01,0.03943372,0.01,0.3859888,0.09066072,0.027999507,0.010000001,0.02179938,0.029113771,0.45377198,-0.2610671781021263,0.165973749927888
0.98,-649947136.0,-0.1215245276689529,-0.0120207387953996,-0.0787282288074493,-0.0248454511165618,0.0183364909418137,-2115459743744.0,0.01,0.01,0.01,0.01,0.01,0.01,0.01,1.0,1.0,1.0,1.0,1.0,1.0,1.0,0.01,0.01,0.01,0.01,0.01,0.018336492,0.01,0.3859888,0.081041925,0.026141668,0.010000001,0.020600539,0.029686943,0.45377198,-0.2587100398348076,0.2957166250170214
0.99,-649947136.0,-0.1179121136665344,0.0013129953294992,-0.072555162012577,-0.0344652645289897,0.0091065068291117,-2115459743744.0,0.01,0.01,0.01,0.01,0.01,0.01,0.01,1.0,1.0,1.0,1.0,1.0,1.0,1.0,0.01,0.01,0.01,0.01,0.01,0.01,0.01,0.3859888,0.0727076,0.024477806,0.010000001,0.0195233,0.028721154,0.45377198,-0.2548134548641819,0.4544382867066519
1.0,-649947136.0,-0.1142210662364959,0.0234457775950431,-0.0618313364684581,-0.0450736209750175,-0.0260721490554445,-2115459743744.0,0.01,0.01,0.01,0.01,0.01,0.01,0.01,1.0,1.0,1.0,1.0,1.0,1.0,1.0,0.01,0.01,0.023445778,0.01,0.01,0.01,0.01,0.3859888,0.06545893,0.024038909,0.010000001,0.018555487,0.026772933,0.45377198,-0.2492687683883894,0.6133069018445995
1.0099999999999998,-649947136.0,-0.1105562597513198,0.0395599789917469,-0.0458303689956665,-0.060576494783163,-0.067327083242695,-2115459743744.0,0.01,0.01,0.01,0.01,0.01,0.01,0.01,1.0,1.0,1.0,1.0,1.0,1.0,1.0,0.01,0.01,0.03955998,0.01,0.01,0.01,0.01,0.3859888,0.059194688,0.034440074,0.010000001,0.017692914,0.025045877,0.45377198,-0.2423234084471626,0.7477020083880754
1.02,-649947136.0,-0.1086447164416313,0.0004860823974013,-0.0371614284813404,-0.0805931612849235,-0.1061322164639096,-2115459743744.0,0.01,0.01,0.01,0.01,0.01,0.01,0.01,1.0,1.0,1.0,1.0,1.0,1.0,1.0,0.01,0.01,0.01,0.01,0.01,0.01,0.01,0.3859888,0.053718094,0.033292156,0.01,0.01691918,0.02350371,0.45377198,-0.2344042208354388,0.813140975137458
1.0299999999999998,-649947136.0,-0.0889126717292528,0.0400075726211071,-0.0320528633892536,-0.0995042771100997,-0.1343613673124923,-2115459743744.0,0.01,0.01,0.01,0.01,0.01,0.01,0.01,1.0,1.0,1.0,1.0,1.0,1.0,1.0,0.01,0.01,0.040007573,0.01,0.01,0.01,0.01,0.3859888,0.048906796,0.03767871,0.01,0.016223954,0.022123575,0.45377198,-0.2262265538727151,0.8152599107233608
1.04,-649947136.0,-0.0172846041454089,0.0428799614310264,-0.0187574923038482,-0.1137123554944992,-0.174796549365637,-2115459743744.0,0.01,0.01,0.01,0.01,0.01,0.01,0.01,1.0,1.0,1.0,1.0,1.0,1.0,1.0,0.01,0.01,0.04287996,0.01,0.01,0.01,0.01,0.3859888,0.04466735,0.041281123,0.01,0.015598969,0.020887345,0.45377198,-0.2182679863305649,0.7775324817161126
1.0499999999999998,-649947136.0,0.0525260837669878,0.0537010245025157,-0.0147964768111705,-0.1221169680356979,-0.2423497876995616,-2115459743744.0,0.01,0.01,0.01,0.01,0.01,0.01,0.01,1.0,1.0,1.0,1.0,1.0,1.0,1.0,0.01,0.052526083,0.053701025,0.01,0.01,0.01,0.01,0.3859888,0.045404654,0.049379915,0.01,0.015036597,0.019778552,0.45377198,-0.2108629383253114,0.7136466427339526
1.06,-649947136.0,0.0997657010059049,0.0441056936979293,-0.0150359533727169,-0.1253882050514221,-0.3244547857370934,-2115459743744.0,0.01,0.01,0.01,0.01,0.01,0.01,0.01,1.0,1.0,1.0,1.0,1.0,1.0,1.0,0.01,0.0997657,0.044105694,0.01,0.01,0.01,0.01,0.3859888,0.0707245,0.04961135,0.01,0.014534355,0.018791374,0.45377198,-0.204342783065465,0.5883676954268111
1.0699999999999998,-649947136.0,0.140661599870492,0.0672420039772987,-0.0180221796035766,-0.1242277771234512,-0.4124685367700603,-2115459743744.0,0.01,0.01,0.01,0.01,0.01,0.01,0.01,1.0,1.0,1.0,1.0,1.0,1.0,1.0,0.01,0.1406616,0.067242004,0.01,0.01,0.01,0.01,0.3859888,0.10486426,0.06093575,0.01,0.014082844,0.017906222,0.45377198,-0.1996021761241065,0.3623033551932657
1.08,-649947136.0,0.1876973027476697,0.0449948571622371,-0.0261692367494106,-0.116199791431427,-0.4150317311286926,-2115459743744.0,0.01,0.01,0.01,0.01,0.01,0.01,0.01,1.0,1.0,1.0,1.0,1.0,1.0,1.0,0.01,0.1876973,0.044994857,0.01,0.01,0.01,0.01,0.3859888,0.14711721,0.060011696,0.01,0.013677001,0.017112466,0.45377198,-0.1978823799904968,-0.0064083872327249
1.09,-649947136.0,0.1974468577018255,0.0488153956830501,-0.0398117452859878,-0.099106028676033,-0.3990102410316467,-2115459743744.0,0.01,0.01,0.01,0.01,0.01,0.01,0.01,1.0,1.0,1.0,1.0,1.0,1.0,1.0,0.01,0.19744685,0.048815396,0.01,0.01,0.01,0.01,0.3859888,0.17636175,0.058716163,0.01,0.013311601,0.0163993,0.45377198,-0.2005197059702301,-0.4769637249737611
1.1,-649947136.0,0.1949760916970327,0.0354007892310619,-0.0566170327365398,-0.0731573030352592,-0.3742259442806244,-2115459743744.0,0.01,0.01,0.01,0.01,0.01,0.01,0.01,1.0,1.0,1.0,1.0,1.0,1.0,1.0,0.01,0.19497609,0.03540079,0.01,0.01,0.01,0.01,0.3859888,0.1912028,0.056351744,0.01,0.012982507,0.015758192,0.45377198,-0.2079161976027956,-0.9268849076888604
1.11,-649947136.0,0.1734965775495912,0.0098553672432899,-0.0866335928440094,-0.0419187471270561,-0.3441148698329925,-2115459743744.0,0.01,0.01,0.01,0.01,0.01,0.01,0.01,1.0,1.0,1.0,1.0,1.0,1.0,1.0,0.01,0.17349657,0.01,0.01,0.01,0.01,0.01,0.3859888,0.19191422,0.05158105,0.01,0.012686467,0.015182463,0.45377198,-0.2190534291850808,-1.234309204455805
1.12,-649947136.0,0.1423018742802024,-0.0240248516201972,-0.1226255893707275,0.0326061993837356,-0.2660387754440307,-2115459743744.0,0.01,0.01,0.01,0.01,0.01,0.01,0.01,1.0,1.0,1.0,1.0,1.0,1.0,1.0,0.01,0.14230187,0.01,0.01,0.0326062,0.01,0.01,0.3859888,0.18670636,0.047040228,0.01,0.02647403,0.01466529,0.45377198,-0.232358873983265,-1.3736165298468288
1.13,-649947136.0,0.110119785256042,-0.059528037905693,-0.1480519622564315,-0.0584852136671543,-0.2300760000944137,-2115459743744.0,0.01,0.01,0.01,0.01,0.01,0.01,0.01,1.0,1.0,1.0,1.0,1.0,1.0,1.0,0.01,0.11011978,0.01,0.01,0.01,0.01,0.01,0.3859888,0.17727803,0.04304034,0.01,0.025764791,0.014200548,0.45377198,-0.2456859170354421,-1.2627284885229824
1.14,-649947136.0,0.0908356674605975,-0.0866897404193878,-0.1496713310480117,-0.0037654861807823,-0.2240048182583885,-2115459743744.0,0.01,0.01,0.01,0.01,0.01,0.01,0.01,1.0,1.0,1.0,1.0,1.0,1.0,1.0,0.01,0.09083567,0.01,0.01,0.01,0.01,0.01,0.3859888,0.16599461,0.03950224,0.01,0.024147144,0.013782192,0.45377198,-0.2568336196118894,-0.9902521910433938
1.15,-649947136.0,0.0704411447170286,-0.0964273288846015,-0.153097778558731,0.0614744499325752,-0.1662597489806112,-2115459743744.0,0.01,0.01,0.01,0.01,0.01,0.01,0.01,1.0,1.0,1.0,1.0,1.0,1.0,1.0,0.01,0.07044114,0.01,0.01,0.06147445,0.01,0.01,0.3859888,0.15431894,0.036374003,0.01,0.050044503,0.013406345,0.45377198,-0.2650550095936138,-0.6719492828361524
1.16,-649947136.0,0.0213884169747399,-0.0909256339073181,-0.1416025459766388,-0.0544764697551727,-0.1129793929319586,-2115459743744.0,0.01,0.01,0.01,0.01,0.01,0.01,0.01,1.0,1.0,1.0,1.0,1.0,1.0,1.0,0.01,0.021388417,0.01,0.01,0.01,0.01,0.01,0.3859888,0.13932413,0.033595376,0.01,0.04797584,0.013067819,0.45377198,-0.2694564867320133,-0.2507601753301829
1.17,-649947136.0,-0.0393572374997634,-0.0720805674791336,-0.1216716095805168,-0.0273203179240226,-0.0590056285448528,-2115459743744.0,0.01,0.01,0.01,0.01,0.01,0.01,0.01,1.0,1.0,1.0,1.0,1.0,1.0,1.0,0.01,0.01,0.01,0.01,0.01,0.01,0.01,0.3859888,0.12259236,0.031124182,0.01,0.043857247,0.012762955,0.45377198,-0.2695357416412406,0.1619503898458874
1.1800000000000002,-649947136.0,-0.1114949802524215,-0.0441194921731948,-0.097720168530941,-0.0211387500166893,0.0022459169519615,-2115459743744.0,0.01,0.01,0.01,0.01,0.01,0.01,0.01,1.0,1.0,1.0,1.0,1.0,1.0,1.0,0.01,0.01,0.01,0.01,0.01,0.01,0.01,0.3859888,0.10830933,0.028931256,0.01,0.04023165,0.012489279,0.45377198,-0.2662166988197907,0.4470835879541934
1.19,-649947136.0,-0.1169597133994102,-0.018536614254117,-0.0785091742873191,-0.0260374788194894,0.0649836629738992,-2115459743744.0,0.01,0.01,0.01,0.01,0.01,0.01,0.01,1.0,1.0,1.0,1.0,1.0,1.0,1.0,0.01,0.01,0.01,0.01,0.01,0.064983666,0.01,0.3859888,0.09618971,0.026977252,0.01,0.037023377,0.03898739,0.45377198,-0.2609330946934906,0.5783136416677561
1.2000000000000002,-649947136.0,-0.0982065796852111,0.0083289053291082,-0.0624180100858211,-0.0357232168316841,-0.0734080815193166,-2115459743744.0,0.01,0.01,0.01,0.01,0.01,0.01,0.01,1.0,1.0,1.0,1.0,1.0,1.0,1.0,0.01,0.01,0.01,0.01,0.01,0.01,0.01,0.3859888,0.08576402,0.02522589,0.01,0.03416483,0.039018672,0.45377198,-0.2545743024085967,0.6793007357320344
1.21,-649947136.0,-0.0872105658054351,0.0504343807697296,-0.0426957383751869,-0.0484643243253231,-0.0372463202844749,-2115459743744.0,0.01,0.01,0.01,0.01,0.01,0.01,0.01,1.0,1.0,1.0,1.0,1.0,1.0,1.0,0.01,0.01,0.05043438,0.01,0.01,0.01,0.01,0.3859888,0.07682967,0.042606104,0.01,0.031633552,0.035942566,0.45377198,-0.2471257414277844,0.7913701135840194
1.2200000000000002,-649947136.0,-0.0855350568890571,-0.0078236423432827,-0.0262351930141448,-0.0650444030761718,-0.0517302902468714,-2115459743744.0,0.01,0.01,0.01,0.01,0.01,0.01,0.01,1.0,1.0,1.0,1.0,1.0,1.0,1.0,0.01,0.01,0.01,0.01,0.01,0.01,0.01,0.3859888,0.06909309,0.040979322,0.01,0.029380025,0.033211198,0.45377198,-0.238889022891908,0.8368112181458055
1.23,-649947136.0,-0.0880947783589363,0.0271494500339031,-0.0160240568220615,-0.0814983174204826,-0.0879289230184376,-2115459743744.0,0.01,0.01,0.01,0.01,0.01,0.01,0.01,1.0,1.0,1.0,1.0,1.0,1.0,1.0,0.01,0.01,0.02714945,0.01,0.01,0.01,0.01,0.3859888,0.06235821,0.039169397,0.01,0.02737004,0.030780697,0.45377198,-0.2305972900094955,0.8165086871171291
1.2400000000000002,-649947136.0,-0.0939810797572135,0.0757431238889694,-0.0223739743232727,-0.0948713049292564,-0.1224923246752239,-2115459743744.0,0.01,0.01,0.01,0.01,0.01,0.01,0.01,1.0,1.0,1.0,1.0,1.0,1.0,1.0,0.01,0.01,0.075743124,0.01,0.01,0.01,0.01,0.3859888,0.05649912,0.063980035,0.01,0.025582278,0.028623562,0.45377198,-0.222684168586957,0.7615560018374351
1.25,-649947136.0,-0.1013743504881858,0.0202770996838808,-0.0180814228951931,-0.1039559245109558,-0.1452717046809556,-2115459743744.0,0.01,0.01,0.01,0.01,0.01,0.01,0.01,1.0,1.0,1.0,1.0,1.0,1.0,1.0,0.01,0.01,0.0202771,0.01,0.01,0.01,0.01,0.3859888,0.051356826,0.061714925,0.01,0.023983508,0.026698016,0.45377198,-0.2157810253132569,0.6248102298481396
1.2599999999999998,-649947136.0,-0.0364106233705794,0.0502793043851852,-0.0202001594007015,-0.1072144210338592,-0.1652742504987872,-2115459743744.0,0.01,0.01,0.01,0.01,0.01,0.01,0.01,1.0,1.0,1.0,1.0,1.0,1.0,1.0,0.01,0.01,0.050279304,0.01,0.01,0.01,0.01,0.3859888,0.04683001,0.059907824,0.01,0.022552418,0.024977265,0.45377198,-0.2105223858003991,0.4569936322628749
1.27,-649947136.0,0.0256063014535934,0.0715556889772415,-0.0272751525044441,-0.1039081737399101,-0.2139207350189194,-2115459743744.0,0.01,0.01,0.01,0.01,0.01,0.01,0.01,1.0,1.0,1.0,1.0,1.0,1.0,1.0,0.01,0.0256063,0.07155569,0.01,0.01,0.01,0.01,0.3859888,0.04344266,0.067282096,0.01,0.021274522,0.023443047,0.45377198,-0.2067061731688442,0.3317258267237804
1.2799999999999998,-649947136.0,0.0908284179381753,0.0559996590018272,-0.0337908193469047,-0.0977018922567367,-0.2812977362685777,-2115459743744.0,0.01,0.01,0.01,0.01,0.01,0.01,0.01,1.0,1.0,1.0,1.0,1.0,1.0,1.0,0.01,0.09082842,0.05599966,0.01,0.01,0.01,0.01,0.3859888,0.06405991,0.06687293,0.01,0.02013195,0.022073142,0.45377198,-0.2039163043526465,0.238678300984178
1.29,-649947136.0,0.1178860571524047,0.0617489740252494,-0.0389669761061668,-0.0912947580218315,-0.3603516150692308,-2115459743744.0,0.01,0.01,0.01,0.01,0.01,0.01,0.01,1.0,1.0,1.0,1.0,1.0,1.0,1.0,0.01,0.11788606,0.061748974,0.01,0.01,0.01,0.01,0.3859888,0.08865098,0.06620101,0.01,0.01910839,0.020847391,0.45377198,-0.2021149954385745,0.1263579570534784
1.3000000000000005,-649947136.0,0.1729623367366162,0.0613142102956771,-0.0440110340714454,-0.0845823884010315,-0.3869843780994415,-2115459743744.0,0.01,0.01,0.01,0.01,0.01,0.01,0.01,1.0,1.0,1.0,1.0,1.0,1.0,1.0,0.01,0.17296234,0.06131421,0.01,0.01,0.01,0.01,0.3859888,0.1302986,0.065653466,0.01,0.018190347,0.019749165,0.45377198,-0.201730009073855,-0.0448067131665799
1.31,-649947136.0,0.1811534547523901,0.0544987171888351,-0.0504566729068756,-0.0757859647274017,-0.3778493404388428,-2115459743744.0,0.01,0.01,0.01,0.01,0.01,0.01,0.01,1.0,1.0,1.0,1.0,1.0,1.0,1.0,0.01,0.18115346,0.054498717,0.01,0.01,0.01,0.01,0.3859888,0.15895258,0.064483754,0.01,0.017366245,0.018764254,0.45377198,-0.2035935642275548,-0.3098145266854483
1.3199999999999998,-649947136.0,0.1886599529930008,0.0421606749296188,-0.0593496784567832,-0.0657396987080574,-0.3679466247558594,-2115459743744.0,0.01,0.01,0.01,0.01,0.01,0.01,0.01,1.0,1.0,1.0,1.0,1.0,1.0,1.0,0.01,0.18865995,0.042160675,0.01,0.01,0.01,0.01,0.3859888,0.17975481,0.06213292,0.01,0.016626347,0.017880732,0.45377198,-0.2084608067227293,-0.6223255704954074
1.33,-649947136.0,0.1730877383262996,0.0254655983299016,-0.0786400809884071,-0.0453066527843475,-0.3476912677288055,-2115459743744.0,0.01,0.01,0.01,0.01,0.01,0.01,0.01,1.0,1.0,1.0,1.0,1.0,1.0,1.0,0.01,0.17308773,0.025465598,0.01,0.01,0.01,0.01,0.3859888,0.18516721,0.058317915,0.01,0.01596178,0.017087774,0.45377198,-0.2163037208143418,-0.8940367619663332
1.34,-649947136.0,0.1506610565630886,-0.000297044403851,-0.1032695919275283,-0.0023371167480945,-0.3038339614868164,-2115459743744.0,0.01,0.01,0.01,0.01,0.01,0.01,0.01,1.0,1.0,1.0,1.0,1.0,1.0,1.0,0.01,0.15066105,0.01,0.01,0.01,0.01,0.01,0.3859888,0.18226784,0.05322663,0.01,0.0153649,0.016376074,0.45377198,-0.2263779054535906,-1.0798137909403966
1.35,-649947136.0,0.1238588016651129,-0.0271575506776571,-0.1252798736095428,0.038047719746828,-0.260431170463562,-2115459743744.0,0.01,0.01,0.01,0.01,0.01,0.01,0.01,1.0,1.0,1.0,1.0,1.0,1.0,1.0,0.01,0.1238588,0.01,0.01,0.03804772,0.01,0.01,0.3859888,0.17554134,0.04849021,0.01,0.0310747,0.015738064,0.45377198,-0.2377265182335135,-1.1496331596448237
1.36,-649947136.0,0.1017816439143448,-0.0533902421593666,-0.1324542760848999,-0.0585704408586025,-0.2450321018695831,-2115459743744.0,0.01,0.01,0.01,0.01,0.01,0.01,0.01,1.0,1.0,1.0,1.0,1.0,1.0,1.0,0.01,0.101781644,0.01,0.01,0.01,0.01,0.01,0.3859888,0.16617984,0.04431943,0.01,0.030018419,0.01516485,0.45377198,-0.2485426963553957,-0.9952267806405808
1.37,-649947136.0,0.0824594523171819,-0.0712630376219749,-0.1404629051685333,-0.0184114649891853,-0.1817247783423939,-2115459743744.0,0.01,0.01,0.01,0.01,0.01,0.01,0.01,1.0,1.0,1.0,1.0,1.0,1.0,1.0,0.01,0.08245945,0.01,0.01,0.01,0.01,0.01,0.3859888,0.15591483,0.04063453,0.01,0.027942963,0.014649332,0.45377198,-0.2568676162031434,-0.6956619379822703
1.38,-649947136.0,0.0359422302493845,-0.0738046243786811,-0.1365099847316742,0.0284628011286258,-0.1270577892422836,-2115459743744.0,0.01,0.01,0.01,0.01,0.01,0.01,0.01,1.0,1.0,1.0,1.0,1.0,1.0,1.0,0.01,0.03594223,0.01,0.01,0.028462801,0.01,0.01,0.3859888,0.14260764,0.037369642,0.01,0.02816902,0.014185306,0.45377198,-0.262098306312802,-0.4035007907466325
1.39,-649947136.0,-0.0254844313648224,-0.0637384578585624,-0.1225406974554061,0.0086035467684268,-0.0688457472182215,-2115459743744.0,0.01,0.01,0.01,0.01,0.01,0.01,0.01,1.0,1.0,1.0,1.0,1.0,1.0,1.0,0.01,0.01,0.01,0.01,0.01,0.01,0.01,0.3859888,0.125833,0.034477174,0.01,0.026646275,0.01376827,0.45377198,-0.2647351239651483,-0.1668977165126838
1.4,-649947136.0,-0.0995466588269977,-0.0483650229871273,-0.1077588722109794,0.0056567527353763,-0.0008142104343326,-2115459743744.0,0.01,0.01,0.01,0.01,0.01,0.01,0.01,1.0,1.0,1.0,1.0,1.0,1.0,1.0,0.01,0.01,0.01,0.01,0.01,0.01,0.01,0.3859888,0.111007266,0.03191019,0.01,0.024934351,0.013393391,0.45377198,-0.2653825032090862,0.0033302054752379
1.41,-649947136.0,-0.1330251693725586,-0.0322589352726936,-0.0948217958211898,-0.0048331022262573,0.0723256915562526,-2115459743744.0,0.01,0.01,0.01,0.01,0.01,0.01,0.01,1.0,1.0,1.0,1.0,1.0,1.0,1.0,0.01,0.01,0.01,0.01,0.01,0.07232569,0.01,0.3859888,0.098468654,0.02962936,0.01,0.023406677,0.042844534,0.45377198,-0.264692618215408,0.1185039885610071
1.42,-649947136.0,-0.1256222128868103,-0.0197835899889469,-0.0845436304807663,-0.0159898903220891,-0.0441260481607169,-2115459743744.0,0.01,0.01,0.01,0.01,0.01,0.01,0.01,1.0,1.0,1.0,1.0,1.0,1.0,1.0,0.01,0.01,0.01,0.01,0.01,0.01,0.01,0.3859888,0.087767445,0.027598178,0.01,0.022040999,0.042326894,0.45377198,-0.2626650957483565,0.28175528129926
1.4300000000000002,-649947136.0,-0.119003027677536,-0.0081806788221001,-0.0769003629684448,-0.0273212566971778,-0.0011519146009064,-2115459743744.0,0.01,0.01,0.01,0.01,0.01,0.01,0.01,1.0,1.0,1.0,1.0,1.0,1.0,1.0,0.01,0.01,0.01,0.01,0.01,0.01,0.01,0.3859888,0.07852675,0.025779955,0.01,0.020814454,0.038862865,0.45377198,-0.2586641924957542,0.4848522511694405
1.44,-649947136.0,-0.1113155633211135,0.0146537274122238,-0.0653600022196769,-0.0401781871914863,-0.0118135111570342,-2115459743744.0,0.01,0.01,0.01,0.01,0.01,0.01,0.01,1.0,1.0,1.0,1.0,1.0,1.0,1.0,0.01,0.01,0.014653727,0.01,0.01,0.01,0.01,0.3859888,0.07050204,0.02451498,0.01,0.019711718,0.035781942,0.45377198,-0.2526134865639546,0.6733337777083654
1.4500000000000002,-649947136.0,-0.1038034707307815,0.0484664961695671,-0.045790709555149,-0.0563535466790199,-0.0499840579530722,-2115459743744.0,0.01,0.01,0.01,0.01,0.01,0.01,0.01,1.0,1.0,1.0,1.0,1.0,1.0,1.0,0.01,0.01,0.048466496,0.01,0.01,0.01,0.01,0.3859888,0.06360461,0.04094195,0.01,0.018731257,0.03307171,0.45377198,-0.2450234913599739,0.8154468585009267
1.46,-649947136.0,-0.100728340446949,-0.0064794672653079,-0.0301058776676654,-0.0789359435439109,-0.0924536004240179,-2115459743744.0,0.01,0.01,0.01,0.01,0.01,0.01,0.01,1.0,1.0,1.0,1.0,1.0,1.0,1.0,0.01,0.01,0.01,0.01,0.01,0.01,0.01,0.3859888,0.057582155,0.039251808,0.01,0.01785138,0.030660694,0.45377198,-0.2365435658856615,0.858037656352157
1.4700000000000002,-649947136.0,-0.1011324152350425,0.0306615233421325,-0.0154086090624332,-0.0996020585298538,-0.1261228173524487,-2115459743744.0,0.01,0.01,0.01,0.01,0.01,0.01,0.01,1.0,1.0,1.0,1.0,1.0,1.0,1.0,0.01,0.01,0.030661523,0.01,0.01,0.01,0.01,0.3859888,0.0523061,0.03803682,0.01,0.017061548,0.028513301,0.45377198,-0.228143633509593,0.8194679168538614
1.48,-649947136.0,-0.0399921970525179,0.0755671560764312,-0.0214882604777812,-0.1134668886661529,-0.1544624734039499,-2115459743744.0,0.01,0.01,0.01,0.01,0.01,0.01,0.01,1.0,1.0,1.0,1.0,1.0,1.0,1.0,0.01,0.01,0.075567156,0.01,0.01,0.01,0.01,0.3859888,0.04767991,0.06357145,0.01,0.016353607,0.026602227,0.45377198,-0.2203018312747275,0.7467701919632005
1.4900000000000002,-649947136.0,0.027586118105014,0.0187860615551471,-0.0169123001396656,-0.1201625391840934,-0.2107289909626902,-2115459743744.0,0.01,0.01,0.01,0.01,0.01,0.01,0.01,1.0,1.0,1.0,1.0,1.0,1.0,1.0,0.01,0.027586117,0.018786062,0.01,0.01,0.01,0.01,0.3859888,0.044254355,0.061326537,0.01,0.01571692,0.02489413,0.45377198,-0.2136277061718199,0.5968197968017093
1.5,-649947136.0,0.0926469562366799,0.0468316040933132,-0.0205805301666259,-0.1195098310708999,-0.2838997364992536,-2115459743744.0,0.01,0.01,0.01,0.01,0.01,0.01,0.01,1.0,1.0,1.0,1.0,1.0,1.0,1.0,0.01,0.09264696,0.046831604,0.01,0.01,0.01,0.01,0.3859888,0.06546961,0.059201956,0.01,0.015145772,0.023370583,0.45377198,-0.2086981356679615,0.4066954502634874
1.5099999999999998,-649947136.0,0.1152872252929603,0.0673871487379074,-0.0281653888523578,-0.1124127656221389,-0.3636693361982315,-2115459743744.0,0.01,0.01,0.01,0.01,0.01,0.01,0.01,1.0,1.0,1.0,1.0,1.0,1.0,1.0,0.01,0.11528722,0.06738715,0.01,0.01,0.01,0.01,0.3859888,0.08757744,0.06445473,0.01,0.014632719,0.022008913,0.45377198,-0.2058135138973815,0.1866696798325539
1.52,-649947136.0,0.1779767677052435,0.0538664907217025,-0.0377229452133178,-0.1007391661405563,-0.3975710570812225,-2115459743744.0,0.01,0.01,0.01,0.01,0.01,0.01,0.01,1.0,1.0,1.0,1.0,1.0,1.0,1.0,0.01,0.17797677,0.05386649,0.01,0.01,0.01,0.01,0.3859888,0.13197441,0.064144775,0.01,0.014170596,0.020787848,0.45377198,-0.205385013125868,-0.0755042300631332
1.5299999999999998,-649947136.0,0.1825618538466369,0.0487138852477073,-0.0488688945770263,-0.0849275887012481,-0.3830403685569763,-2115459743744.0,0.01,0.01,0.01,0.01,0.01,0.01,0.01,1.0,1.0,1.0,1.0,1.0,1.0,1.0,0.01,0.18256186,0.048713885,0.01,0.01,0.01,0.01,0.3859888,0.15982713,0.062485874,0.01,0.013755194,0.019694699,0.45377198,-0.2079395830049528,-0.4016883998835283
1.54,-649947136.0,0.1918531292061538,0.0357151366770267,-0.0610447861254215,-0.0672641620039939,-0.3672991693019867,-2115459743744.0,0.01,0.01,0.01,0.01,0.01,0.01,0.01,1.0,1.0,1.0,1.0,1.0,1.0,1.0,0.01,0.19185314,0.035715137,0.01,0.01,0.01,0.01,0.3859888,0.1813563,0.05974506,0.01,0.013380901,0.018713262,0.45377198,-0.2139340491955719,-0.7341753696544203
1.5500000000000005,-649947136.0,0.1729089315539724,0.0163513496518135,-0.0851525142788887,-0.0423833578824996,-0.3421849012374878,-2115459743744.0,0.01,0.01,0.01,0.01,0.01,0.01,0.01,1.0,1.0,1.0,1.0,1.0,1.0,1.0,0.01,0.17290893,0.01635135,0.01,0.01,0.01,0.01,0.3859888,0.18586905,0.055219814,0.01,0.013044867,0.01783509,0.45377198,-0.2228318775292282,-0.995379275046498
1.56,-649947136.0,0.1496482200968064,-0.0114181693643331,-0.1118331849575042,0.0081933662295341,-0.2886820137500763,-2115459743744.0,0.01,0.01,0.01,0.01,0.01,0.01,0.01,1.0,1.0,1.0,1.0,1.0,1.0,1.0,0.01,0.14964822,0.01,0.01,0.01,0.01,0.01,0.3859888,0.18269806,0.050336514,0.01,0.0127425,0.01704722,0.45377198,-0.2338345197166064,-1.1689278246707182
1.5699999999999998,-649947136.0,0.1206993169278945,-0.0403796918690204,-0.1334307193756103,0.0444733574986457,-0.2465269863605499,-2115459743744.0,0.01,0.01,0.01,0.01,0.01,0.01,0.01,1.0,1.0,1.0,1.0,1.0,1.0,1.0,0.01,0.120699316,0.01,0.01,0.044473357,0.01,0.01,0.3859888,0.17547156,0.04595161,0.01,0.034977023,0.016341513,0.45377198,-0.2459667410359965,-1.2170430272581645
1.58,-649947136.0,0.0970287297700136,-0.0679159685969352,-0.142079472541809,-0.0818326622247695,-0.2340497374534607,-2115459743744.0,0.01,0.01,0.01,0.01,0.01,0.01,0.01,1.0,1.0,1.0,1.0,1.0,1.0,1.0,0.01,0.09702873,0.01,0.01,0.01,0.01,0.01,0.3859888,0.16550992,0.042082105,0.01,0.03372847,0.015707418,0.45377198,-0.2572452138370831,-1.0181493495366336
1.59,-649947136.0,0.0789542479967193,-0.084950104355812,-0.1521749794483184,-0.0309195332229137,-0.1783440873173809,-2115459743744.0,0.01,0.01,0.01,0.01,0.01,0.01,0.01,1.0,1.0,1.0,1.0,1.0,1.0,1.0,0.01,0.07895425,0.01,0.01,0.01,0.01,0.01,0.3859888,0.15470982,0.038656387,0.01,0.0312459,0.0151370065,0.45377198,-0.2654698597188935,-0.6559482016433122
1.6,-649947136.0,0.0359581562023358,-0.0837472379207611,-0.1412904560565948,0.0100353583693504,-0.1279772816090394,-2115459743744.0,0.01,0.01,0.01,0.01,0.01,0.01,0.01,1.0,1.0,1.0,1.0,1.0,1.0,1.0,0.01,0.035958156,0.01,0.01,0.010035358,0.01,0.01,0.3859888,0.14130622,0.035618603,0.01,0.029037498,0.0146238925,0.45377198,-0.2698975734470319,-0.2931240407621003
1.61,-649947136.0,-0.0218274482141635,-0.0679777860641479,-0.1220439672470092,0.0217540599405765,-0.0741316032828732,-2115459743744.0,0.01,0.01,0.01,0.01,0.01,0.01,0.01,1.0,1.0,1.0,1.0,1.0,1.0,1.0,0.01,0.01,0.01,0.01,0.02175406,0.01,0.01,0.3859888,0.124833785,0.0329261,0.01,0.0281435,0.01416313,0.45377198,-0.2712851668176211,-0.033535638236877
1.62,-649947136.0,-0.0937191554112444,-0.0474747121334075,-0.1040253713726997,0.0002394691109657,-0.0086489388536001,-2115459743744.0,0.01,0.01,0.01,0.01,0.01,0.01,0.01,1.0,1.0,1.0,1.0,1.0,1.0,1.0,0.01,0.01,0.01,0.01,0.01,0.01,0.01,0.3859888,0.110177815,0.030532537,0.01,0.026411286,0.013748783,0.45377198,-0.2706712439237239,0.1220773501208033
1.63,-649947136.0,-0.1290009617805481,-0.0282816849648952,-0.0897046625614166,-0.0103954747319221,0.065167753974161,-2115459743744.0,0.01,0.01,0.01,0.01,0.01,0.01,0.01,1.0,1.0,1.0,1.0,1.0,1.0,1.0,0.01,0.01,0.01,0.01,0.01,0.065167755,0.01,0.3859888,0.09776742,0.028403003,0.01,0.024726685,0.03814137,0.45377198,-0.2689704055944881,0.2028661260802007
1.64,-649947136.0,-0.1198096647858619,-0.0166901405900716,-0.0808249190449714,-0.0202036332339048,-0.0329930345983968,-2115459743744.0,0.01,0.01,0.01,0.01,0.01,0.01,0.01,1.0,1.0,1.0,1.0,1.0,1.0,1.0,0.01,0.01,0.01,0.01,0.01,0.01,0.01,0.3859888,0.087161995,0.026503969,0.01,0.023221048,0.038479786,0.45377198,-0.266369464148999,0.3165729850509731
1.65,-649947136.0,-0.1140766441822052,-0.0022705420851707,-0.0739846378564834,-0.0296065770089626,0.0034467214366966,-2115459743744.0,0.01,0.01,0.01,0.01,0.01,0.01,0.01,1.0,1.0,1.0,1.0,1.0,1.0,1.0,0.01,0.01,0.01,0.01,0.01,0.01,0.01,0.3859888,0.07802122,0.02480586,0.01,0.021872042,0.035585772,0.45377198,-0.2622913503916196,0.4797636544323636
1.66,-649947136.0,-0.1097506284713745,0.0208119191229343,-0.0628517568111419,-0.0401760414242744,-0.0082658968674137,-2115459743744.0,0.01,0.01,0.01,0.01,0.01,0.01,0.01,1.0,1.0,1.0,1.0,1.0,1.0,1.0,0.01,0.01,0.02081192,0.01,0.01,0.01,0.01,0.3859888,0.07006462,0.02412647,0.01,0.02065813,0.03298218,0.45377198,-0.2564138713602924,0.6514828664214776
1.67,-649947136.0,-0.1049838960170745,0.0422799810767173,-0.0452052541077137,-0.0553101785480976,-0.0467704356768358,-2115459743744.0,0.01,0.01,0.01,0.01,0.01,0.01,0.01,1.0,1.0,1.0,1.0,1.0,1.0,1.0,0.01,0.01,0.04227998,0.01,0.01,0.01,0.01,0.3859888,0.063215666,0.036363807,0.01,0.019578483,0.030580487,0.45377198,-0.2490303397915734,0.7959882846902485
1.6800000000000002,-649947136.0,-0.1028281599283218,-0.0040293894708156,-0.0276440232992172,-0.0761063247919082,-0.0895082811897743,-2115459743744.0,0.01,0.01,0.01,0.01,0.01,0.01,0.01,1.0,1.0,1.0,1.0,1.0,1.0,1.0,0.01,0.01,0.01,0.01,0.01,0.01,0.01,0.3859888,0.057240583,0.034987822,0.01,0.018610902,0.028442595,0.45377198,-0.2406641234751415,0.8552993605073712
1.69,-649947136.0,-0.1029715314507484,0.0376419275999069,-0.0191280283033847,-0.0959298983216285,-0.1241078553434288,-2115459743744.0,0.01,0.01,0.01,0.01,0.01,0.01,0.01,1.0,1.0,1.0,1.0,1.0,1.0,1.0,0.01,0.01,0.037641928,0.01,0.01,0.01,0.01,0.3859888,0.05200856,0.036623217,0.01,0.017743235,0.026537027,0.45377198,-0.2320881470301522,0.852602161588674
1.7000000000000002,-649947136.0,-0.0423019853999713,0.059763379395008,-0.024719763547182,-0.1109208166599273,-0.1536483189927409,-2115459743744.0,0.01,0.01,0.01,0.01,0.01,0.01,0.01,1.0,1.0,1.0,1.0,1.0,1.0,1.0,0.01,0.01,0.05976338,0.01,0.01,0.01,0.01,0.3859888,0.047413822,0.05206955,0.01,0.016964965,0.024837019,0.45377198,-0.2237656112967107,0.8080106171516259
1.71,-649947136.0,0.0269089005175446,0.0250372514128685,-0.0171249024569988,-0.1200466901063919,-0.2113281651228788,-2115459743744.0,0.01,0.01,0.01,0.01,0.01,0.01,0.01,1.0,1.0,1.0,1.0,1.0,1.0,1.0,0.01,0.0269089,0.025037251,0.01,0.01,0.01,0.01,0.3859888,0.043978445,0.05098892,0.01,0.016265698,0.023316897,0.45377198,-0.2162856477287279,0.6938656525673906
1.7200000000000002,-649947136.0,0.0934454557717745,0.059569489210844,-0.0170598626136779,-0.1224813982844352,-0.2866576644241468,-2115459743744.0,0.01,0.01,0.01,0.01,0.01,0.01,0.01,1.0,1.0,1.0,1.0,1.0,1.0,1.0,0.01,0.09344546,0.05956949,0.01,0.01,0.01,0.01,0.3859888,0.06584016,0.056218684,0.01,0.01563862,0.021959674,0.45377198,-0.2101561603601171,0.5437599710351243
1.73,-649947136.0,0.114545099140252,0.0574466064572334,-0.0221200361847877,-0.1189197301864624,-0.3692000879212594,-2115459743744.0,0.01,0.01,0.01,0.01,0.01,0.01,0.01,1.0,1.0,1.0,1.0,1.0,1.0,1.0,0.01,0.1145451,0.057446606,0.01,0.01,0.01,0.01,0.3859888,0.08729514,0.057190064,0.01,0.01507561,0.020745859,0.45377198,-0.2058551737698699,0.3265102507347231
1.7400000000000002,-649947136.0,0.1817600252568347,0.0631477683782577,-0.0305913090705871,-0.1098873913288116,-0.4076169431209564,-2115459743744.0,0.01,0.01,0.01,0.01,0.01,0.01,0.01,1.0,1.0,1.0,1.0,1.0,1.0,1.0,0.01,0.18176003,0.06314777,0.01,0.01,0.01,0.01,0.3859888,0.13418558,0.060979333,0.01,0.0145694,0.019658267,0.45377198,-0.2041036958892989,0.0412599025334468
1.75,-649947136.0,0.186987058153557,0.048989862203598,-0.0421929657459259,-0.0949331149458885,-0.3938484191894531,-2115459743744.0,0.01,0.01,0.01,0.01,0.01,0.01,0.01,1.0,1.0,1.0,1.0,1.0,1.0,1.0,0.01,0.18698706,0.048989862,0.01,0.01,0.01,0.01,0.3859888,0.16318193,0.06008466,0.01,0.014113955,0.018682772,0.45377198,-0.2057407304197647,-0.3346656451086631
1.7599999999999998,-649947136.0,0.1977760070932636,0.0376915149390697,-0.0561468563973903,-0.0736302956938743,-0.3737020790576935,-2115459743744.0,0.01,0.01,0.01,0.01,0.01,0.01,0.01,1.0,1.0,1.0,1.0,1.0,1.0,1.0,0.01,0.197776,0.037691515,0.01,0.01,0.01,0.01,0.3859888,0.18578231,0.057768382,0.01,0.013704227,0.017807642,0.45377198,-0.2113720635411688,-0.7325835214133729
1.77,-649947136.0,0.1787874453822714,0.0193002205342054,-0.0784839764237403,-0.0512035861611366,-0.3523899018764496,-2115459743744.0,0.01,0.01,0.01,0.01,0.01,0.01,0.01,1.0,1.0,1.0,1.0,1.0,1.0,1.0,0.01,0.17878744,0.01930022,0.01,0.01,0.01,0.01,0.3859888,0.19076622,0.053767312,0.01,0.01333583,0.017022777,0.45377198,-0.2205666867512805,-1.0456489311964552
1.7799999999999998,-649947136.0,0.1537560902413551,-0.011272357776761,-0.1097685247659683,0.0029623880982398,-0.2975963056087494,-2115459743744.0,0.01,0.01,0.01,0.01,0.01,0.01,0.01,1.0,1.0,1.0,1.0,1.0,1.0,1.0,0.01,0.1537561,0.01,0.01,0.01,0.01,0.01,0.3859888,0.1874379,0.049094625,0.01,0.013004392,0.01631825,0.45377198,-0.2321940379361237,-1.2382193331298377
1.79,-649947136.0,0.1229187633770355,-0.043127279728651,-0.1369348466396331,0.0502616986632347,-0.2426826953887939,-2115459743744.0,0.01,0.01,0.01,0.01,0.01,0.01,0.01,1.0,1.0,1.0,1.0,1.0,1.0,1.0,0.01,0.12291876,0.01,0.01,0.0502617,0.01,0.01,0.3859888,0.17979747,0.044856634,0.01,0.03921038,0.015686676,0.45377198,-0.2450294182242964,-1.2833770242374525
1.8000000000000005,-649947136.0,0.0977623427864307,-0.0731216743588447,-0.1484137326478958,-0.0892512574791908,-0.2294873595237732,-2115459743744.0,0.01,0.01,0.01,0.01,0.01,0.01,0.01,1.0,1.0,1.0,1.0,1.0,1.0,1.0,0.01,0.097762346,0.01,0.01,0.01,0.01,0.01,0.3859888,0.16928257,0.041114658,0.01,0.03770362,0.015119013,0.45377198,-0.2568073118028093,-1.0506109157171182
1.81,-649947136.0,0.0797864372038906,-0.0907004326581955,-0.1551330685615539,-0.0319742895662784,-0.177585792442965,-2115459743744.0,0.01,0.01,0.01,0.01,0.01,0.01,0.01,1.0,1.0,1.0,1.0,1.0,1.0,1.0,0.01,0.079786435,0.01,0.01,0.01,0.01,0.01,0.3859888,0.15799963,0.03780147,0.01,0.034777988,0.014608394,0.45377198,-0.2650947221617995,-0.6379076401881809
1.82,-649947136.0,0.0383631739655777,-0.087407685816288,-0.141959547996521,0.0078043118119239,-0.1306684170248326,-2115459743744.0,0.01,0.01,0.01,0.01,0.01,0.01,0.01,1.0,1.0,1.0,1.0,1.0,1.0,1.0,0.01,0.038363174,0.01,0.01,0.01,0.01,0.01,0.3859888,0.14432225,0.034861393,0.01,0.03217704,0.014148849,0.45377198,-0.2690783630265999,-0.2294446148887835
1.83,-649947136.0,-0.0173011341393645,-0.068019114434719,-0.1200138479471206,0.0202655121684074,-0.0796364885434025,-2115459743744.0,0.01,0.01,0.01,0.01,0.01,0.01,0.01,1.0,1.0,1.0,1.0,1.0,1.0,1.0,0.01,0.01,0.01,0.01,0.020265512,0.01,0.01,0.3859888,0.12766692,0.032254856,0.01,0.030818079,0.013736157,0.45377198,-0.2696910642118098,0.0528409853477049
1.84,-649947136.0,-0.0876320316345554,-0.0441819801926612,-0.0998366847634315,-8.991360664367676e-05,-0.0156628764656717,-2115459743744.0,0.01,0.01,0.01,0.01,0.01,0.01,0.01,1.0,1.0,1.0,1.0,1.0,1.0,1.0,0.01,0.01,0.01,0.01,0.01,0.01,0.01,0.3859888,0.112579495,0.02993657,0.01,0.028773341,0.013364917,0.45377198,-0.2682372140958375,0.201382253729767
1.85,-649947136.0,-0.1220955699682235,-0.023337198421359,-0.0844530165195465,-0.0125059131532907,0.0578205839713704,-2115459743744.0,0.01,0.01,0.01,0.01,0.01,0.01,0.01,1.0,1.0,1.0,1.0,1.0,1.0,1.0,0.01,0.01,0.01,0.01,0.01,0.057820585,0.01,0.3859888,0.09981436,0.027872369,0.01,0.026835222,0.0332159,0.45377198,-0.2658831850045486,0.2541329659582979
1.86,-649947136.0,-0.111797347664833,-0.0108528221026062,-0.0768734887242317,-0.0227780081331729,-0.0282965833042115,-2115459743744.0,0.01,0.01,0.01,0.01,0.01,0.01,0.01,1.0,1.0,1.0,1.0,1.0,1.0,1.0,0.01,0.01,0.01,0.01,0.01,0.01,0.01,0.3859888,0.08891131,0.02603,0.01,0.025104294,0.034064975,0.45377198,-0.2629916022909851,0.3275301971709189
1.87,-649947136.0,-0.1074170619249343,0.0051022805273532,-0.0696722790598869,-0.0314998626708984,0.0043291197435024,-2115459743744.0,0.01,0.01,0.01,0.01,0.01,0.01,0.01,1.0,1.0,1.0,1.0,1.0,1.0,1.0,0.01,0.01,0.01,0.01,0.01,0.01,0.01,0.3859888,0.079539426,0.024384132,0.01,0.023557108,0.031682886,0.45377198,-0.2590087940760024,0.4594664842769577
1.88,-649947136.0,-0.1060535758733749,0.0262344032526016,-0.0597754269838333,-0.0408525355160236,-0.0080547175093942,-2115459743744.0,0.01,0.01,0.01,0.01,0.01,0.01,0.01,1.0,1.0,1.0,1.0,1.0,1.0,1.0,0.01,0.01,0.026234403,0.01,0.01,0.01,0.01,0.3859888,0.0713979,0.025548017,0.01,0.02216751,0.029530192,0.45377198,-0.2534679100271662,0.6158811400084642
1.89,-649947136.0,-0.1038752943277359,0.0253496244549751,-0.0450439862906932,-0.0538018383085727,-0.0466306981944831,-2115459743744.0,0.01,0.01,0.01,0.01,0.01,0.01,0.01,1.0,1.0,1.0,1.0,1.0,1.0,1.0,0.01,0.01,0.025349624,0.01,0.01,0.01,0.01,0.3859888,0.06432151,0.025728213,0.01,0.020922432,0.027493598,0.45377198,-0.2464312681223634,0.7521061206379981
1.9,-649947136.0,-0.1020251587033271,0.0495122522115707,-0.0286003910005092,-0.0733653977513313,-0.0894773585096836,-2115459743744.0,0.01,0.01,0.01,0.01,0.01,0.01,0.01,1.0,1.0,1.0,1.0,1.0,1.0,1.0,0.01,0.01,0.049512252,0.01,0.01,0.01,0.01,0.3859888,0.05820688,0.042129166,0.01,0.019815246,0.025690377,0.45377198,-0.2383170982281824,0.8479040509923784
1.91,-649947136.0,-0.1022359803318977,-0.0004990941379219,-0.0164477787911891,-0.0925556644797325,-0.1248387597618104,-2115459743744.0,0.01,0.01,0.01,0.01,0.01,0.01,0.01,1.0,1.0,1.0,1.0,1.0,1.0,1.0,0.01,0.01,0.01,0.01,0.01,0.01,0.01,0.3859888,0.052857164,0.040312096,0.01,0.018823335,0.024080731,0.45377198,-0.2297505749606214,0.8471727896075191
1.92,-649947136.0,-0.0430757929564256,0.038921769708395,5.574524402618408e-05,-0.1084708869457244,-0.1550666217738721,-2115459743744.0,0.01,0.01,0.01,0.01,0.01,0.01,0.01,1.0,1.0,1.0,1.0,1.0,1.0,1.0,0.01,0.01,0.03892177,0.01,0.01,0.01,0.01,0.3859888,0.048156776,0.039736304,0.01,0.017933449,0.022641283,0.45377198,-0.2216381009233538,0.7803536420582582
1.93,-649947136.0,0.0250247835067375,0.0748964548110961,-0.0167198963463306,-0.1174787655472755,-0.2114737792137493,-2115459743744.0,0.01,0.01,0.01,0.01,0.01,0.01,0.01,1.0,1.0,1.0,1.0,1.0,1.0,1.0,0.01,0.025024783,0.074896455,0.01,0.01,0.01,0.01,0.3859888,0.0445549,0.06363166,0.01,0.017136002,0.021355126,0.45377198,-0.2142700431538736,0.6957203410030688
1.94,-649947136.0,0.0923199932960354,0.0236642453819513,-0.0167365185916423,-0.1207105219364166,-0.2862933043261621,-2115459743744.0,0.01,0.01,0.01,0.01,0.01,0.01,0.01,1.0,1.0,1.0,1.0,1.0,1.0,1.0,0.01,0.092319995,0.023664245,0.01,0.01,0.01,0.01,0.3859888,0.06547137,0.06166615,0.01,0.016420472,0.020204078,0.45377198,-0.2081173008391612,0.5357755564045142
1.95,-649947136.0,0.1150602454480612,0.0491145253181457,-0.0214423388242721,-0.1182629913091659,-0.3688871367334455,-2115459743744.0,0.01,0.01,0.01,0.01,0.01,0.01,0.01,1.0,1.0,1.0,1.0,1.0,1.0,1.0,0.01,0.11506025,0.049114525,0.01,0.01,0.01,0.01,0.3859888,0.087467894,0.059900526,0.01,0.015778089,0.019173095,0.45377198,-0.2040967471223117,0.2822266808979158
1.96,-649947136.0,0.1797530183216875,0.0636039674282074,-0.0312863513827323,-0.1083971410989761,-0.4083068966865539,-2115459743744.0,0.01,0.01,0.01,0.01,0.01,0.01,0.01,1.0,1.0,1.0,1.0,1.0,1.0,1.0,0.01,0.17975302,0.06360397,0.01,0.01,0.01,0.01,0.3859888,0.13305017,0.062138166,0.01,0.015200637,0.018248238,0.45377198,-0.202944491510111,-0.0260312699851658
1.97,-649947136.0,0.1865649955370308,0.0511033609509468,-0.0441472306847572,-0.0917842015624046,-0.39227095246315,-2115459743744.0,0.01,0.01,0.01,0.01,0.01,0.01,0.01,1.0,1.0,1.0,1.0,1.0,1.0,1.0,0.01,0.186565,0.05110336,0.01,0.01,0.01,0.01,0.3859888,0.16210559,0.06131044,0.01,0.014681226,0.017417878,0.45377198,-0.2052585229152796,-0.396518906775241
1.98,-649947136.0,0.1960187086357521,0.0369239896535873,-0.0582817979156971,-0.0703714117407798,-0.3716148138046264,-2115459743744.0,0.01,0.01,0.01,0.01,0.01,0.01,0.01,1.0,1.0,1.0,1.0,1.0,1.0,1.0,0.01,0.19601871,0.03692399,0.01,0.01,0.01,0.01,0.3859888,0.18404625,0.05889174,0.01,0.014213684,0.01667168,0.45377198,-0.2114184376334964,-0.7667479452598821
1.99,-649947136.0,0.1771161271433015,0.0163950566202402,-0.0828866064548492,-0.0457111187279224,-0.3475417196750641,-2115459743744.0,0.01,0.01,0.01,0.01,0.01,0.01,0.01,1.0,1.0,1.0,1.0,1.0,1.0,1.0,0.01,0.17711613,0.016395057,0.01,0.01,0.01,0.01,0.3859888,0.18915899,0.054507155,0.01,0.013793892,0.016002718,0.45377198,-0.2207883452705271,-1.0498495479075205
2.0,-649947136.0,0.1523760571881796,-0.0133197922259569,-0.1127339303493499,0.010657288134098,-0.2896879911422729,-2115459743744.0,0.01,0.01,0.01,0.01,0.01,0.01,0.01,1.0,1.0,1.0,1.0,1.0,1.0,1.0,0.01,0.15237606,0.01,0.01,0.010657288,0.01,0.01,0.3859888,0.185942,0.049714487,0.01,0.013471767,0.015401883,0.45377198,-0.2323877302546155,-1.2308051238655957
2.01,-649947136.0,0.1221258176270921,-0.0442276448011398,-0.1365896612405777,0.0497907623648643,-0.2438108175992965,-2115459743744.0,0.01,0.01,0.01,0.01,0.01,0.01,0.01,1.0,1.0,1.0,1.0,1.0,1.0,1.0,0.01,0.12212582,0.01,0.01,0.049790762,0.01,0.01,0.3859888,0.17843372,0.045402948,0.01,0.039004926,0.014863188,0.45377198,-0.2451308060841511,-1.2735719013752564
2.02,-649947136.0,0.0972167782899373,-0.0732631608843803,-0.1474597454071045,-0.0854571908712387,-0.2317481786012649,-2115459743744.0,0.01,0.01,0.01,0.01,0.01,0.01,0.01,1.0,1.0,1.0,1.0,1.0,1.0,1.0,0.01,0.09721678,0.01,0.01,0.01,0.01,0.01,0.3859888,0.16807467,0.041597147,0.01,0.03750147,0.014378747,0.45377198,-0.256823953415303,-1.044126170404042
2.03,-649947136.0,0.0806665035349739,-0.0902228653430938,-0.1546053886413574,-0.0305389426648616,-0.1838915040420113,-2115459743744.0,0.01,0.01,0.01,0.01,0.01,0.01,0.01,1.0,1.0,1.0,1.0,1.0,1.0,1.0,0.01,0.080666505,0.01,0.01,0.01,0.01,0.01,0.3859888,0.15699573,0.038228538,0.01,0.034598514,0.0139428,0.45377198,-0.2650773264699615,-0.637509388451784
2.04,-649947136.0,0.0410732282917714,-0.0868556499481201,-0.141693502664566,0.0100122541189193,-0.1368044482608019,-2115459743744.0,0.01,0.01,0.01,0.01,0.01,0.01,0.01,1.0,1.0,1.0,1.0,1.0,1.0,1.0,0.01,0.04107323,0.01,0.01,0.010012254,0.01,0.01,0.3859888,0.14375797,0.035239927,0.01,0.032018386,0.013550286,0.45377198,-0.26909826066308,-0.2371467375500965
2.0500000000000003,-649947136.0,-0.0138612378045979,-0.0677987486124038,-0.1201371997594833,0.0215023085474967,-0.0857755292612637,-2115459743744.0,0.01,0.01,0.01,0.01,0.01,0.01,0.01,1.0,1.0,1.0,1.0,1.0,1.0,1.0,0.01,0.01,0.01,0.01,0.021502309,0.01,0.01,0.3859888,0.12742177,0.03259133,0.01,0.030791793,0.013197698,0.45377198,-0.269830843080476,0.0380986408557915
2.06,-649947136.0,-0.0837684982373262,-0.0445007011294364,-0.1003674641251564,6.40973448753357e-05,-0.0215681084165442,-2115459743744.0,0.01,0.01,0.01,0.01,0.01,0.01,0.01,1.0,1.0,1.0,1.0,1.0,1.0,1.0,0.01,0.01,0.01,0.01,0.01,0.01,0.01,0.3859888,0.11237359,0.030236112,0.01,0.02876351,0.01288042,0.45377198,-0.2685398178475494,0.1847356241607219
2.0700000000000003,-649947136.0,-0.1237334758043289,-0.0237834192812442,-0.0853582918643951,-0.0118016470223665,0.0525441898565835,-2115459743744.0,0.01,0.01,0.01,0.01,0.01,0.01,0.01,1.0,1.0,1.0,1.0,1.0,1.0,1.0,0.01,0.01,0.01,0.01,0.01,0.05254419,0.01,0.3859888,0.099641904,0.028139647,0.01,0.026826743,0.03025724,0.45377198,-0.2663446953763062,0.2390388152449741
2.08,-649947136.0,-0.1136358529329299,-0.0119224023073911,-0.0776845589280128,-0.0218017399311065,-0.0205114504269889,-2115459743744.0,0.01,0.01,0.01,0.01,0.01,0.01,0.01,1.0,1.0,1.0,1.0,1.0,1.0,1.0,0.01,0.01,0.01,0.01,0.01,0.01,0.01,0.3859888,0.08875622,0.026267514,0.01,0.025095848,0.031406492,0.45377198,-0.2636138360039105,0.3092915419511014
2.09,-649947136.0,-0.1091066524386406,0.0032603051513433,-0.0708829760551452,-0.030373640358448,0.0104995292012509,-2115459743744.0,0.01,0.01,0.01,0.01,0.01,0.01,0.01,1.0,1.0,1.0,1.0,1.0,1.0,1.0,0.01,0.01,0.01,0.01,0.01,0.01049953,0.01,0.3859888,0.07940412,0.024596022,0.01,0.023549344,0.02959093,0.45377198,-0.2598495148007104,0.4343672688065126
2.1,-649947136.0,-0.1078146994113922,0.0232425816357135,-0.0616018995642662,-0.0395159311592578,-0.0031058482290253,-2115459743744.0,0.01,0.01,0.01,0.01,0.01,0.01,0.01,1.0,1.0,1.0,1.0,1.0,1.0,1.0,0.01,0.01,0.023242582,0.01,0.01,0.01,0.01,0.3859888,0.071279824,0.024184002,0.01,0.022160431,0.027925216,0.45377198,-0.2545952876700071,0.5854812735909926
2.11,-649947136.0,-0.105914831161499,0.0357397980988025,-0.047776736319065,-0.0511477664113044,-0.0427268668985647,-2115459743744.0,0.01,0.01,0.01,0.01,0.01,0.01,0.01,1.0,1.0,1.0,1.0,1.0,1.0,1.0,0.01,0.01,0.035739798,0.01,0.01,0.01,0.01,0.3859888,0.06424219,0.031685837,0.01,0.020919433,0.026068727,0.45377198,-0.2478615173740029,0.7267120200823869
2.12,-649947136.0,-0.104484736919403,0.0033531039953231,-0.0321403630077838,-0.0699551329016685,-0.0856671143504843,-2115459743744.0,0.01,0.01,0.01,0.01,0.01,0.01,0.01,1.0,1.0,1.0,1.0,1.0,1.0,1.0,0.01,0.01,0.01,0.01,0.01,0.01,0.01,0.3859888,0.058131266,0.030612908,0.01,0.019811627,0.024416903,0.45377198,-0.2400741942786931,0.8077879935796379
2.13,-649947136.0,-0.1045873239636421,0.0466437749564647,-0.019207801669836,-0.0886825174093246,-0.121446849526314,-2115459743744.0,0.01,0.01,0.01,0.01,0.01,0.01,0.01,1.0,1.0,1.0,1.0,1.0,1.0,1.0,0.01,0.01,0.046643775,0.01,0.01,0.01,0.01,0.3859888,0.052789427,0.041216794,0.01,0.018819865,0.022942333,0.45377198,-0.2317695347757744,0.8382323944501845
2.14,-649947136.0,-0.0525952870674962,0.0195153579115867,-0.0244576968252658,-0.1047206968069076,-0.149795016738728,-2115459743744.0,0.01,0.01,0.01,0.01,0.01,0.01,0.01,1.0,1.0,1.0,1.0,1.0,1.0,1.0,0.01,0.01,0.019515358,0.01,0.01,0.01,0.01,0.3859888,0.048099045,0.040150173,0.01,0.017930636,0.021623554,0.45377198,-0.2235786842178741,0.7949517983125962
2.15,-649947136.0,0.0163506535617072,0.0622290261089801,-0.0176340192556381,-0.1154783219099044,-0.2042699181850889,-2115459743744.0,0.01,0.01,0.01,0.01,0.01,0.01,0.01,1.0,1.0,1.0,1.0,1.0,1.0,1.0,0.01,0.016350653,0.062229026,0.01,0.01,0.01,0.01,0.3859888,0.044171147,0.055018622,0.01,0.017132083,0.020441918,0.45377198,-0.2160595406283639,0.7155127163708584
2.16,-649947136.0,0.0854886681125385,0.0313624739646911,-0.0166419930756092,-0.1200399026274681,-0.2780855210296225,-2115459743744.0,0.01,0.01,0.01,0.01,0.01,0.01,0.01,1.0,1.0,1.0,1.0,1.0,1.0,1.0,0.01,0.08548867,0.031362474,0.01,0.01,0.01,0.01,0.3859888,0.060968377,0.054501567,0.01,0.016416105,0.019384641,0.45377198,-0.2096015367505054,0.581505698141525
2.17,-649947136.0,0.1108929353432783,0.0577640049159526,-0.020198930054903,-0.1190905421972274,-0.3610015434130804,-2115459743744.0,0.01,0.01,0.01,0.01,0.01,0.01,0.01,1.0,1.0,1.0,1.0,1.0,1.0,1.0,0.01,0.11089294,0.057764005,0.01,0.01,0.01,0.01,0.3859888,0.08330217,0.056495346,0.01,0.015774157,0.018438438,0.45377198,-0.2048845710998898,0.3718413430379611
2.18,-649947136.0,0.1721051298249789,0.0615711845457553,-0.0280802063643932,-0.1118424087762832,-0.4121700525283813,-2115459743744.0,0.01,0.01,0.01,0.01,0.01,0.01,0.01,1.0,1.0,1.0,1.0,1.0,1.0,1.0,0.01,0.17210513,0.061571185,0.01,0.01,0.01,0.01,0.3859888,0.12730223,0.059806693,0.01,0.015197258,0.017589495,0.45377198,-0.2026516450063586,0.0907443870515933
2.19,-649947136.0,0.1871476785215167,0.0511125773191452,-0.0394740775227546,-0.0980715081095695,-0.3987154960632324,-2115459743744.0,0.01,0.01,0.01,0.01,0.01,0.01,0.01,1.0,1.0,1.0,1.0,1.0,1.0,1.0,0.01,0.18714768,0.051112577,0.01,0.01,0.01,0.01,0.3859888,0.15928055,0.05918859,0.01,0.0146783795,0.016827041,0.45377198,-0.2037714750957322,-0.2814499352080358
2.2,-649947136.0,0.1975663249635227,0.0403961390256881,-0.0535371974110603,-0.0774746760725975,-0.3785069584846496,-2115459743744.0,0.01,0.01,0.01,0.01,0.01,0.01,0.01,1.0,1.0,1.0,1.0,1.0,1.0,1.0,0.01,0.19756633,0.04039614,0.01,0.01,0.01,0.01,0.3859888,0.18383186,0.057237253,0.01,0.0142115895,0.016142026,0.45377198,-0.2089134056314537,-0.6871515625682962
2.21,-649947136.0,0.1817236782040731,0.0220885686576366,-0.0740248188376426,-0.0558610036969184,-0.3575371503829956,-2115459743744.0,0.01,0.01,0.01,0.01,0.01,0.01,0.01,1.0,1.0,1.0,1.0,1.0,1.0,1.0,0.01,0.18172368,0.022088569,0.01,0.01,0.01,0.01,0.3859888,0.19051352,0.053613044,0.01,0.013792156,0.015527243,0.45377198,-0.2177661087739149,-1.0208629010566816
2.22,-649947136.0,0.1582408662968584,-0.0073875058442354,-0.1056669354438781,-0.0058597177267074,-0.3075072169303894,-2115459743744.0,0.01,0.01,0.01,0.01,0.01,0.01,0.01,1.0,1.0,1.0,1.0,1.0,1.0,1.0,0.01,0.15824087,0.01,0.01,0.01,0.01,0.01,0.3859888,0.18786386,0.0490032,0.01,0.013414912,0.014974883,0.45377198,-0.2292596209131019,-1.2324382335168158
2.23,-649947136.0,0.1273074985512501,-0.0395131818950176,-0.1206990778446197,0.0485278740525245,-0.2476816177368164,-2115459743744.0,0.01,0.01,0.01,0.01,0.01,0.01,0.01,1.0,1.0,1.0,1.0,1.0,1.0,1.0,0.01,0.1273075,0.01,0.01,0.048527874,0.01,0.01,0.3859888,0.18086542,0.044776347,0.01,0.037987273,0.014479361,0.45377198,-0.2421347715830561,-1.2957230717869628
2.24,-649947136.0,0.1003854781769599,-0.0704079642891883,-0.1551999151706695,-0.0843247771263122,-0.2320321947336197,-2115459743744.0,0.01,0.01,0.01,0.01,0.01,0.01,0.01,1.0,1.0,1.0,1.0,1.0,1.0,1.0,0.01,0.10038548,0.01,0.01,0.01,0.01,0.01,0.3859888,0.1706511,0.041043557,0.01,0.036558893,0.014033609,0.45377198,-0.2541423601297947,-1.082974586269969
2.25,-649947136.0,0.0863273774394804,-0.0896187052130699,-0.1536964476108551,-0.0300179868936538,-0.1955226031016176,-2115459743744.0,0.01,0.01,0.01,0.01,0.01,0.01,0.01,1.0,1.0,1.0,1.0,1.0,1.0,1.0,0.01,0.086327374,0.01,0.01,0.01,0.01,0.01,0.3859888,0.15963732,0.03773848,0.01,0.033761963,0.013632396,0.45377198,-0.2628480205969833,-0.6866260446039043
2.26,-649947136.0,0.0514332846416736,-0.0882810652256012,-0.1430792510509491,0.0146475099027156,-0.1486333302555309,-2115459743744.0,0.01,0.01,0.01,0.01,0.01,0.01,0.01,1.0,1.0,1.0,1.0,1.0,1.0,1.0,0.01,0.051433284,0.01,0.01,0.01464751,0.01,0.01,0.3859888,0.1471323,0.034805514,0.01,0.03167344,0.013271105,0.45377198,-0.2673999978866183,-0.2918742677437648
2.27,-649947136.0,-0.001384340199771,-0.0706415474414825,-0.1224026381969451,0.0224422588944435,-0.0990038502104233,-2115459743744.0,0.01,0.01,0.01,0.01,0.01,0.01,0.01,1.0,1.0,1.0,1.0,1.0,1.0,1.0,0.01,0.01,0.01,0.01,0.022442259,0.01,0.01,0.3859888,0.13111074,0.032204624,0.01,0.030620938,0.012946407,0.45377198,-0.268674133391432,-0.0153807952028842
2.28,-649947136.0,-0.0688691286293609,-0.048144906759262,-0.103042222559452,0.0013352520763874,-0.0359822083562455,-2115459743744.0,0.01,0.01,0.01,0.01,0.01,0.01,0.01,1.0,1.0,1.0,1.0,1.0,1.0,1.0,0.01,0.01,0.01,0.01,0.01,0.01,0.01,0.3859888,0.11547436,0.029891359,0.01,0.028624935,0.01265419,0.45377198,-0.2678668786976726,0.1408839284014787
2.29,-649947136.0,-0.1254037022590637,-0.0275909844785928,-0.0880157873034477,-0.009691359475255,0.0381525584579606,-2115459743744.0,0.01,0.01,0.01,0.01,0.01,0.01,0.01,1.0,1.0,1.0,1.0,1.0,1.0,1.0,0.01,0.01,0.01,0.01,0.01,0.038152557,0.01,0.3859888,0.10227298,0.027832035,0.01,0.02670282,0.023131503,0.45377198,-0.2660425747747338,0.2064977935323459
2.3000000000000003,-649947136.0,-0.1153499186038971,-0.0155117455869913,-0.0793582275509834,-0.0196338016539812,0.0136471137761612,-2115459743744.0,0.01,0.01,0.01,0.01,0.01,0.01,0.01,1.0,1.0,1.0,1.0,1.0,1.0,1.0,0.01,0.01,0.01,0.01,0.01,0.013647114,0.01,0.3859888,0.0909964,0.025991803,0.01,0.024984026,0.024944913,0.45377198,-0.2636688308984504,0.2668502356604734
2.31,-649947136.0,-0.1102643236517906,-0.0022415127605199,-0.0733738020062446,-0.0281411670148372,0.0319290066924876,-2115459743744.0,0.01,0.01,0.01,0.01,0.01,0.01,0.01,1.0,1.0,1.0,1.0,1.0,1.0,1.0,0.01,0.01,0.01,0.01,0.01,0.031929005,0.01,0.3859888,0.081327535,0.024349138,0.01,0.023448812,0.030704543,0.45377198,-0.260456007789531,0.3698181899574772
2.3200000000000003,-649947136.0,-0.1092985570430755,0.0148164257407188,-0.06559769064188,-0.0367425270378589,-0.0145190151093977,-2115459743744.0,0.01,0.01,0.01,0.01,0.01,0.01,0.01,1.0,1.0,1.0,1.0,1.0,1.0,1.0,0.01,0.01,0.014816426,0.01,0.01,0.01,0.01,0.3859888,0.07298717,0.023295764,0.01,0.022076271,0.029114647,0.45377198,-0.25593166764151,0.5206693319799777
2.33,-649947136.0,-0.1087425053119659,0.0322312712669372,-0.0543015301227569,-0.0463255196809768,-0.0423570179955182,-2115459743744.0,0.01,0.01,0.01,0.01,0.01,0.01,0.01,1.0,1.0,1.0,1.0,1.0,1.0,1.0,0.01,0.01,0.03223127,0.01,0.01,0.01,0.01,0.3859888,0.06572721,0.029111044,0.01,0.020844318,0.027129311,0.45377198,-0.2497326825648983,0.6834829683473693
2.34,-649947136.0,-0.1063702851533889,0.0046822782605886,-0.0382656529545784,-0.063466839492321,-0.0809498027783493,-2115459743744.0,0.01,0.01,0.01,0.01,0.01,0.01,0.01,1.0,1.0,1.0,1.0,1.0,1.0,1.0,0.01,0.01,0.01,0.01,0.01,0.01,0.01,0.3859888,0.059430074,0.028054914,0.01,0.019744666,0.02536426,0.45377198,-0.242202183078353,0.7960044811775843
2.35,-649947136.0,-0.1050643101334571,0.0483917295932769,-0.0358336977660656,-0.0830971300601959,-0.1167424686029862,-2115459743744.0,0.01,0.01,0.01,0.01,0.01,0.01,0.01,1.0,1.0,1.0,1.0,1.0,1.0,1.0,0.01,0.01,0.04839173,0.01,0.01,0.01,0.01,0.3859888,0.053929113,0.041873887,0.01,0.018760059,0.023789357,0.45377198,-0.2338038244118451,0.8621260912611652
2.36,-649947136.0,-0.0705876113148769,0.0093755489215254,-0.0275752060115337,-0.1015088409185409,-0.1420053885248415,-2115459743744.0,0.01,0.01,0.01,0.01,0.01,0.01,0.01,1.0,1.0,1.0,1.0,1.0,1.0,1.0,0.01,0.01,0.01,0.01,0.01,0.01,0.01,0.3859888,0.04910041,0.04009404,0.01,0.01787691,0.02238109,0.45377198,-0.2252700352304748,0.83400459336677
2.37,-649947136.0,-0.0012766483357929,0.0543256178498268,-0.0187949277460575,-0.115053579211235,-0.1891211582609509,-2115459743744.0,0.01,0.01,0.01,0.01,0.01,0.01,0.01,1.0,1.0,1.0,1.0,1.0,1.0,1.0,0.01,0.01,0.054325618,0.01,0.01,0.01,0.01,0.3859888,0.04485099,0.049279954,0.01,0.017084615,0.021121187,0.45377198,-0.2173544823167689,0.7541549043995572
2.38,-649947136.0,0.0676055261038176,0.040833581238985,-0.015053603798151,-0.1214695572853088,-0.2587494167270824,-2115459743744.0,0.01,0.01,0.01,0.01,0.01,0.01,0.01,1.0,1.0,1.0,1.0,1.0,1.0,1.0,0.01,0.067605525,0.04083358,0.01,0.01,0.01,0.01,0.3859888,0.052492667,0.049791183,0.01,0.016372275,0.019991195,0.45377198,-0.2104664759599269,0.6365171677236906
2.39,-649947136.0,0.0986962146324906,0.0661899074912071,-0.0179754197597503,-0.1216368675231933,-0.3397765626268376,-2115459743744.0,0.01,0.01,0.01,0.01,0.01,0.01,0.01,1.0,1.0,1.0,1.0,1.0,1.0,1.0,0.01,0.09869622,0.06618991,0.01,0.01,0.01,0.01,0.3859888,0.07254527,0.060420427,0.01,0.015734784,0.018982261,0.45377198,-0.2049849911525219,0.4652124227860131
2.4,-649947136.0,0.1606668953926044,0.0471074543893337,-0.0240196585655212,-0.1166330277919769,-0.4165228605270386,-2115459743744.0,0.01,0.01,0.01,0.01,0.01,0.01,0.01,1.0,1.0,1.0,1.0,1.0,1.0,1.0,0.01,0.1606669,0.047107454,0.01,0.01,0.01,0.01,0.3859888,0.116913795,0.0598537,0.01,0.015162047,0.018077606,0.45377198,-0.2016973140755927,0.2010019318388435
2.41,-649947136.0,0.1827911925541314,0.0563014894723892,-0.0342287085950374,-0.1051485389471054,-0.4054282903671264,-2115459743744.0,0.01,0.01,0.01,0.01,0.01,0.01,0.01,1.0,1.0,1.0,1.0,1.0,1.0,1.0,0.01,0.18279119,0.05630149,0.01,0.01,0.01,0.01,0.3859888,0.1506425,0.05933838,0.01,0.014646957,0.017265448,0.45377198,-0.201678165670728,-0.16882891428349
